Importing IMU data from the Matlab matrix file : test_data/xsens_acc.mat
Importing IMU data from the Matlab matrix file : test_data/xsens_gyro.mat
Accelerometer Calibration: Calibrating...
Accelerometers Calibration: Extracted 42 intervals using threshold multiplier 2 -> Trying calibrate... 
iter      cost      cost_change  |gradient|   |step|    tr_ratio  tr_radius  ls_iter  iter_time  total_time
   0  5.794474e+17    0.00e+00    6.64e+18   0.00e+00   0.00e+00  1.00e+04        0    5.30e-04    9.22e-04
   1  6.465947e+19   -6.41e+19    6.64e+18   2.37e+04  -1.11e+02  5.00e+03        1    6.78e-04    1.62e-03
   2  5.856490e+19   -5.80e+19    6.64e+18   2.23e+04  -1.00e+02  1.25e+03        1    4.55e-04    2.09e-03
   3  4.434139e+19   -4.38e+19    6.64e+18   1.85e+04  -7.64e+01  1.56e+02        1    4.53e-04    2.55e-03
   4  1.102073e+19   -1.04e+19    6.64e+18   9.26e+03  -2.15e+01  9.77e+00        1    4.52e-04    3.01e-03
   5  5.766891e+17    2.76e+15    6.89e+18   1.24e+03   1.38e-02  5.09e+00        1    9.21e-04    3.93e-03
   6  4.336003e+17    1.43e+17    4.28e+18   6.02e+02   4.32e-01  5.07e+00        1    9.24e-04    4.86e-03
   7  3.900758e+17    4.35e+16    3.59e+18   1.77e+02   3.35e-01  4.90e+00        1    8.90e-04    5.76e-03
   8  3.433669e+17    4.67e+16    3.09e+18   6.71e+01   3.71e-01  4.82e+00        1    8.57e-04    6.62e-03
   9  3.071412e+17    3.62e+16    2.79e+18   1.26e+01   3.61e-01  4.71e+00        1    1.19e-03    7.82e-03
  10  2.746843e+17    3.25e+16    2.54e+18   1.53e+01   3.64e-01  4.62e+00        1    9.58e-04    8.78e-03
  11  2.463112e+17    2.84e+16    2.33e+18   1.07e+01   3.65e-01  4.53e+00        1    9.15e-04    9.71e-03
  12  2.212171e+17    2.51e+16    2.14e+18   1.09e+01   3.67e-01  4.45e+00        1    9.14e-04    1.06e-02
  13  1.989970e+17    2.22e+16    1.97e+18   1.04e+01   3.68e-01  4.37e+00        1    9.11e-04    1.15e-02
  14  1.792755e+17    1.97e+16    1.82e+18   1.01e+01   3.69e-01  4.29e+00        1    9.48e-04    1.25e-02
  15  1.617389e+17    1.75e+16    1.67e+18   9.81e+00   3.71e-01  4.22e+00        1    8.94e-04    1.34e-02
  16  1.461170e+17    1.56e+16    1.55e+18   9.53e+00   3.72e-01  4.15e+00        1    1.27e-03    1.47e-02
  17  1.321769e+17    1.39e+16    1.43e+18   9.26e+00   3.74e-01  4.08e+00        1    9.16e-04    1.56e-02
  18  1.197171e+17    1.25e+16    1.32e+18   9.00e+00   3.75e-01  4.02e+00        1    9.58e-04    1.66e-02
  19  1.085627e+17    1.12e+16    1.22e+18   8.75e+00   3.77e-01  3.96e+00        1    9.14e-04    1.75e-02
  20  9.856145e+16    1.00e+16    1.13e+18   8.50e+00   3.78e-01  3.91e+00        1    9.18e-04    1.84e-02
  21  8.958092e+16    8.98e+15    1.05e+18   8.27e+00   3.80e-01  3.85e+00        1    8.90e-04    1.93e-02
  22  8.150537e+16    8.08e+15    9.76e+17   8.05e+00   3.81e-01  3.80e+00        1    9.48e-04    2.03e-02
  23  7.423359e+16    7.27e+15    9.07e+17   7.84e+00   3.82e-01  3.75e+00        1    9.50e-04    2.12e-02
  24  6.767688e+16    6.56e+15    8.43e+17   7.63e+00   3.84e-01  3.71e+00        1    1.10e-03    2.23e-02
  25  6.175736e+16    5.92e+15    7.85e+17   7.44e+00   3.85e-01  3.66e+00        1    9.15e-04    2.33e-02
  26  5.640650e+16    5.35e+15    7.31e+17   7.26e+00   3.86e-01  3.62e+00        1    9.59e-04    2.42e-02
  27  5.156393e+16    4.84e+15    6.81e+17   7.09e+00   3.88e-01  3.58e+00        1    9.26e-04    2.52e-02
  28  4.717637e+16    4.39e+15    6.35e+17   6.92e+00   3.89e-01  3.54e+00        1    8.91e-04    2.61e-02
  29  4.319668e+16    3.98e+15    5.93e+17   6.77e+00   3.90e-01  3.50e+00        1    8.91e-04    2.69e-02
  30  3.958314e+16    3.61e+15    5.54e+17   6.63e+00   3.92e-01  3.47e+00        1    8.90e-04    2.78e-02
  31  3.629870e+16    3.28e+15    5.18e+17   6.49e+00   3.93e-01  3.43e+00        1    1.17e-03    2.90e-02
  32  3.331047e+16    2.99e+15    4.84e+17   6.36e+00   3.94e-01  3.40e+00        1    9.16e-04    2.99e-02
  33  3.058916e+16    2.72e+15    4.53e+17   6.25e+00   3.95e-01  3.37e+00        1    9.22e-04    3.09e-02
  34  2.810869e+16    2.48e+15    4.24e+17   6.14e+00   3.97e-01  3.34e+00        1    9.92e-04    3.19e-02
  35  2.584575e+16    2.26e+15    3.97e+17   6.03e+00   3.98e-01  3.31e+00        1    9.24e-04    3.28e-02
  36  2.377953e+16    2.07e+15    3.72e+17   5.94e+00   3.99e-01  3.28e+00        1    8.91e-04    3.37e-02
  37  2.189140e+16    1.89e+15    3.49e+17   5.85e+00   4.00e-01  3.26e+00        1    8.92e-04    3.46e-02
  38  2.016466e+16    1.73e+15    3.28e+17   5.77e+00   4.01e-01  3.23e+00        1    1.10e-03    3.57e-02
  39  1.858432e+16    1.58e+15    3.08e+17   5.69e+00   4.02e-01  3.21e+00        1    9.60e-04    3.67e-02
  40  1.713692e+16    1.45e+15    2.89e+17   5.62e+00   4.03e-01  3.19e+00        1    8.91e-04    3.76e-02
  41  1.581035e+16    1.33e+15    2.71e+17   5.56e+00   4.04e-01  3.16e+00        1    9.25e-04    3.85e-02
  42  1.459369e+16    1.22e+15    2.55e+17   5.51e+00   4.05e-01  3.14e+00        1    9.59e-04    3.95e-02
  43  1.347711e+16    1.12e+15    2.40e+17   5.45e+00   4.06e-01  3.12e+00        1    9.50e-04    4.04e-02
  44  1.245174e+16    1.03e+15    2.26e+17   5.41e+00   4.07e-01  3.10e+00        1    8.92e-04    4.13e-02
  45  1.150954e+16    9.42e+14    2.13e+17   5.37e+00   4.08e-01  3.08e+00        1    9.60e-04    4.23e-02
  46  1.064327e+16    8.66e+14    2.00e+17   5.33e+00   4.09e-01  3.06e+00        1    9.52e-04    4.33e-02
  47  9.846350e+15    7.97e+14    1.89e+17   5.30e+00   4.10e-01  3.05e+00        1    9.70e-04    4.42e-02
  48  9.112825e+15    7.34e+14    1.78e+17   5.27e+00   4.11e-01  3.03e+00        1    8.89e-04    4.51e-02
  49  8.437294e+15    6.76e+14    1.67e+17   5.25e+00   4.12e-01  3.01e+00        1    8.90e-04    4.60e-02
  50  7.814851e+15    6.22e+14    1.58e+17   5.23e+00   4.13e-01  3.00e+00        1    8.59e-04    4.69e-02
residual 7.81485e+15
Accelerometers Calibration: Extracted 40 intervals using threshold multiplier 3 -> Trying calibrate... 
iter      cost      cost_change  |gradient|   |step|    tr_ratio  tr_radius  ls_iter  iter_time  total_time
   0  5.351192e+17    0.00e+00    5.21e+18   0.00e+00   0.00e+00  1.00e+04        0    4.40e-04    6.00e-04
   1  6.058038e+19   -6.00e+19    5.21e+18   2.37e+04  -1.12e+02  5.00e+03        1    4.01e-04    1.01e-03
   2  5.501137e+19   -5.45e+19    5.21e+18   2.24e+04  -1.02e+02  1.25e+03        1    3.89e-04    1.41e-03
   3  4.174759e+19   -4.12e+19    5.21e+18   1.86e+04  -7.79e+01  1.56e+02        1    3.90e-04    1.81e-03
   4  1.040442e+19   -9.87e+18    5.21e+18   9.37e+03  -2.20e+01  9.77e+00        1    5.05e-04    2.32e-03
   5  5.430030e+17   -7.88e+15    5.21e+18   1.28e+03  -4.71e-02  3.05e-01        1    7.32e-04    3.06e-03
   6  5.014409e+17    3.37e+16    3.72e+18   2.59e+02   4.26e-01  3.04e-01        1    9.71e-04    4.03e-03
   7  4.855427e+17    1.59e+16    2.75e+18   1.56e+02   4.56e-01  3.04e-01        1    8.49e-04    4.89e-03
   8  4.763681e+17    9.17e+15    2.13e+18   9.36e+01   5.20e-01  3.04e-01        1    8.48e-04    5.74e-03
   9  4.698480e+17    6.52e+15    1.73e+18   5.76e+01   6.07e-01  3.07e-01        1    8.48e-04    6.60e-03
  10  4.644508e+17    5.40e+15    1.47e+18   3.65e+01   6.93e-01  3.26e-01        1    8.14e-04    7.42e-03
  11  4.594039e+17    5.05e+15    1.29e+18   2.38e+01   7.64e-01  3.82e-01        1    8.54e-04    8.28e-03
  12  4.540590e+17    5.34e+15    1.19e+18   1.59e+01   8.15e-01  5.10e-01        1    8.16e-04    9.10e-03
  13  4.476052e+17    6.45e+15    1.14e+18   1.45e+01   8.45e-01  7.58e-01        1    1.20e-03    1.03e-02
  14  4.389932e+17    8.61e+15    1.18e+18   2.84e+01   8.35e-01  1.08e+00        1    9.06e-04    1.12e-02
  15  4.276417e+17    1.14e+16    1.29e+18   4.40e+01   7.75e-01  1.30e+00        1    9.08e-04    1.21e-02
  16  4.140422e+17    1.36e+16    1.39e+18   3.64e+01   7.03e-01  1.39e+00        1    8.68e-04    1.30e-02
  17  3.992014e+17    1.48e+16    1.43e+18   2.16e+01   6.55e-01  1.43e+00        1    8.79e-04    1.39e-02
  18  3.839894e+17    1.52e+16    1.44e+18   1.23e+01   6.31e-01  1.46e+00        1    8.48e-04    1.48e-02
  19  3.688541e+17    1.51e+16    1.43e+18   7.29e+00   6.18e-01  1.48e+00        1    8.18e-04    1.56e-02
  20  3.540081e+17    1.48e+16    1.40e+18   4.66e+00   6.10e-01  1.50e+00        1    1.03e-03    1.66e-02
  21  3.395525e+17    1.45e+16    1.37e+18   3.28e+00   6.05e-01  1.51e+00        1    1.11e-03    1.77e-02
  22  3.255345e+17    1.40e+16    1.34e+18   2.53e+00   6.01e-01  1.52e+00        1    9.05e-04    1.87e-02
  23  3.119736e+17    1.36e+16    1.30e+18   2.10e+00   5.98e-01  1.53e+00        1    8.70e-04    1.95e-02
  24  2.988761e+17    1.31e+16    1.27e+18   1.83e+00   5.96e-01  1.54e+00        1    9.11e-04    2.04e-02
  25  2.862409e+17    1.26e+16    1.24e+18   1.65e+00   5.93e-01  1.56e+00        1    8.47e-04    2.13e-02
  26  2.740629e+17    1.22e+16    1.20e+18   1.52e+00   5.91e-01  1.56e+00        1    8.47e-04    2.22e-02
  27  2.623344e+17    1.17e+16    1.17e+18   1.41e+00   5.89e-01  1.57e+00        1    8.14e-04    2.30e-02
  28  2.510467e+17    1.13e+16    1.14e+18   1.32e+00   5.88e-01  1.58e+00        1    1.14e-03    2.41e-02
  29  2.401895e+17    1.09e+16    1.10e+18   1.24e+00   5.86e-01  1.59e+00        1    9.44e-04    2.51e-02
  30  2.297522e+17    1.04e+16    1.07e+18   1.17e+00   5.84e-01  1.60e+00        1    8.69e-04    2.59e-02
  31  2.197236e+17    1.00e+16    1.04e+18   1.11e+00   5.83e-01  1.61e+00        1    8.69e-04    2.68e-02
  32  2.100921e+17    9.63e+15    1.01e+18   1.05e+00   5.81e-01  1.61e+00        1    9.08e-04    2.77e-02
  33  2.008461e+17    9.25e+15    9.82e+17   9.98e-01   5.80e-01  1.62e+00        1    8.74e-04    2.86e-02
  34  1.919736e+17    8.87e+15    9.52e+17   9.50e-01   5.78e-01  1.62e+00        1    8.15e-04    2.94e-02
  35  1.834628e+17    8.51e+15    9.24e+17   9.06e-01   5.77e-01  1.63e+00        1    8.67e-04    3.03e-02
  36  1.753019e+17    8.16e+15    8.96e+17   8.65e-01   5.76e-01  1.64e+00        1    8.73e-04    3.12e-02
  37  1.674789e+17    7.82e+15    8.68e+17   8.28e-01   5.75e-01  1.64e+00        1    9.31e-04    3.21e-02
  38  1.599823e+17    7.50e+15    8.42e+17   7.93e-01   5.73e-01  1.65e+00        1    8.70e-04    3.30e-02
  39  1.528005e+17    7.18e+15    8.16e+17   7.61e-01   5.72e-01  1.65e+00        1    8.79e-04    3.39e-02
  40  1.459223e+17    6.88e+15    7.90e+17   7.32e-01   5.71e-01  1.66e+00        1    8.47e-04    3.48e-02
  41  1.393364e+17    6.59e+15    7.66e+17   7.05e-01   5.70e-01  1.66e+00        1    9.05e-04    3.57e-02
  42  1.330321e+17    6.30e+15    7.42e+17   6.81e-01   5.69e-01  1.67e+00        1    8.49e-04    3.65e-02
  43  1.269986e+17    6.03e+15    7.18e+17   6.58e-01   5.68e-01  1.67e+00        1    9.59e-04    3.75e-02
  44  1.212257e+17    5.77e+15    6.96e+17   6.37e-01   5.67e-01  1.67e+00        1    8.80e-04    3.84e-02
  45  1.157033e+17    5.52e+15    6.73e+17   6.18e-01   5.66e-01  1.68e+00        1    8.48e-04    3.92e-02
  46  1.104214e+17    5.28e+15    6.52e+17   6.01e-01   5.65e-01  1.68e+00        1    9.93e-04    4.02e-02
  47  1.053707e+17    5.05e+15    6.31e+17   5.86e-01   5.64e-01  1.69e+00        1    8.77e-04    4.11e-02
  48  1.005418e+17    4.83e+15    6.11e+17   5.72e-01   5.63e-01  1.69e+00        1    8.35e-04    4.20e-02
  49  9.592586e+16    4.62e+15    5.91e+17   5.59e-01   5.62e-01  1.69e+00        1    8.34e-04    4.28e-02
  50  9.151412e+16    4.41e+15    5.72e+17   5.48e-01   5.62e-01  1.70e+00        1    8.87e-04    4.37e-02
residual 9.15141e+16
Accelerometers Calibration: Extracted 39 intervals using threshold multiplier 4 -> Trying calibrate... 
iter      cost      cost_change  |gradient|   |step|    tr_ratio  tr_radius  ls_iter  iter_time  total_time
   0  5.231289e+17    0.00e+00    5.03e+18   0.00e+00   0.00e+00  1.00e+04        0    4.42e-04    6.08e-04
   1  5.914825e+19   -5.86e+19    5.03e+18   2.37e+04  -1.12e+02  5.00e+03        1    4.36e-04    1.05e-03
   2  5.381446e+19   -5.33e+19    5.03e+18   2.24e+04  -1.02e+02  1.25e+03        1    4.24e-04    1.49e-03
   3  4.127514e+19   -4.08e+19    5.03e+18   1.87e+04  -7.88e+01  1.56e+02        1    4.24e-04    1.92e-03
   4  1.081151e+19   -1.03e+19    5.03e+18   9.57e+03  -2.35e+01  9.77e+00        1    4.25e-04    2.35e-03
   5  5.409717e+17   -1.78e+16    5.03e+18   1.29e+03  -1.13e-01  3.05e-01        1    4.24e-04    2.78e-03
   6  4.925959e+17    3.05e+16    3.61e+18   2.47e+02   4.25e-01  3.04e-01        1    8.47e-04    3.63e-03
   7  4.777935e+17    1.48e+16    2.69e+18   1.46e+02   4.59e-01  3.04e-01        1    8.84e-04    4.53e-03
   8  4.689550e+17    8.84e+15    2.09e+18   8.82e+01   5.24e-01  3.04e-01        1    8.16e-04    5.35e-03
   9  4.625506e+17    6.40e+15    1.71e+18   5.49e+01   6.09e-01  3.07e-01        1    8.17e-04    6.17e-03
  10  4.572140e+17    5.34e+15    1.46e+18   3.52e+01   6.93e-01  3.26e-01        1    8.65e-04    7.05e-03
  11  4.522245e+17    4.99e+15    1.29e+18   2.32e+01   7.61e-01  3.80e-01        1    8.54e-04    7.91e-03
  12  4.469656e+17    5.26e+15    1.18e+18   1.54e+01   8.12e-01  5.03e-01        1    8.53e-04    8.77e-03
  13  4.406720e+17    6.29e+15    1.14e+18   1.38e+01   8.42e-01  7.39e-01        1    8.52e-04    9.62e-03
  14  4.323591e+17    8.31e+15    1.17e+18   2.69e+01   8.34e-01  1.05e+00        1    8.52e-04    1.05e-02
  15  4.214485e+17    1.09e+16    1.28e+18   4.23e+01   7.77e-01  1.27e+00        1    9.61e-04    1.15e-02
  16  4.083685e+17    1.31e+16    1.38e+18   3.62e+01   7.06e-01  1.36e+00        1    8.17e-04    1.23e-02
  17  3.940560e+17    1.43e+16    1.43e+18   2.21e+01   6.58e-01  1.41e+00        1    8.17e-04    1.31e-02
  18  3.793403e+17    1.47e+16    1.44e+18   1.28e+01   6.33e-01  1.43e+00        1    8.16e-04    1.39e-02
  19  3.646621e+17    1.47e+16    1.43e+18   7.68e+00   6.19e-01  1.45e+00        1    9.66e-04    1.49e-02
  20  3.502372e+17    1.44e+16    1.41e+18   4.90e+00   6.11e-01  1.47e+00        1    8.16e-04    1.57e-02
  21  3.361719e+17    1.41e+16    1.38e+18   3.41e+00   6.06e-01  1.48e+00        1    8.16e-04    1.65e-02
  22  3.225166e+17    1.37e+16    1.35e+18   2.60e+00   6.02e-01  1.50e+00        1    8.60e-04    1.74e-02
  23  3.092939e+17    1.32e+16    1.31e+18   2.14e+00   5.99e-01  1.51e+00        1    8.17e-04    1.82e-02
  24  2.965115e+17    1.28e+16    1.28e+18   1.85e+00   5.96e-01  1.52e+00        1    9.07e-04    1.91e-02
  25  2.841700e+17    1.23e+16    1.25e+18   1.66e+00   5.94e-01  1.53e+00        1    8.17e-04    2.00e-02
  26  2.722652e+17    1.19e+16    1.21e+18   1.52e+00   5.92e-01  1.54e+00        1    8.17e-04    2.08e-02
  27  2.607908e+17    1.15e+16    1.18e+18   1.41e+00   5.90e-01  1.55e+00        1    8.52e-04    2.16e-02
  28  2.497386e+17    1.11e+16    1.15e+18   1.32e+00   5.88e-01  1.56e+00        1    8.52e-04    2.25e-02
  29  2.390997e+17    1.06e+16    1.11e+18   1.25e+00   5.86e-01  1.56e+00        1    8.93e-04    2.34e-02
  30  2.288640e+17    1.02e+16    1.08e+18   1.18e+00   5.85e-01  1.57e+00        1    8.53e-04    2.43e-02
  31  2.190214e+17    9.84e+15    1.05e+18   1.11e+00   5.83e-01  1.58e+00        1    8.51e-04    2.51e-02
  32  2.095611e+17    9.46e+15    1.02e+18   1.06e+00   5.82e-01  1.59e+00        1    8.59e-04    2.60e-02
  33  2.004722e+17    9.09e+15    9.91e+17   1.01e+00   5.80e-01  1.59e+00        1    8.25e-04    2.68e-02
  34  1.917437e+17    8.73e+15    9.62e+17   9.60e-01   5.79e-01  1.60e+00        1    8.33e-04    2.77e-02
  35  1.833644e+17    8.38e+15    9.34e+17   9.17e-01   5.78e-01  1.61e+00        1    8.52e-04    2.85e-02
  36  1.753232e+17    8.04e+15    9.06e+17   8.77e-01   5.77e-01  1.61e+00        1    8.51e-04    2.94e-02
  37  1.676091e+17    7.71e+15    8.79e+17   8.41e-01   5.75e-01  1.62e+00        1    8.51e-04    3.03e-02
  38  1.602110e+17    7.40e+15    8.52e+17   8.07e-01   5.74e-01  1.62e+00        1    9.23e-04    3.12e-02
  39  1.531182e+17    7.09e+15    8.26e+17   7.77e-01   5.73e-01  1.63e+00        1    8.87e-04    3.21e-02
  40  1.463198e+17    6.80e+15    8.01e+17   7.49e-01   5.72e-01  1.63e+00        1    8.60e-04    3.29e-02
  41  1.398055e+17    6.51e+15    7.76e+17   7.23e-01   5.71e-01  1.64e+00        1    8.16e-04    3.38e-02
  42  1.335649e+17    6.24e+15    7.52e+17   7.00e-01   5.70e-01  1.64e+00        1    8.16e-04    3.46e-02
  43  1.275879e+17    5.98e+15    7.28e+17   6.78e-01   5.69e-01  1.65e+00        1    8.73e-04    3.55e-02
  44  1.218647e+17    5.72e+15    7.06e+17   6.59e-01   5.68e-01  1.65e+00        1    8.52e-04    3.63e-02
  45  1.163856e+17    5.48e+15    6.83e+17   6.42e-01   5.67e-01  1.65e+00        1    8.51e-04    3.72e-02
  46  1.111414e+17    5.24e+15    6.62e+17   6.26e-01   5.66e-01  1.66e+00        1    8.50e-04    3.81e-02
  47  1.061230e+17    5.02e+15    6.41e+17   6.12e-01   5.65e-01  1.66e+00        1    8.95e-04    3.90e-02
  48  1.013214e+17    4.80e+15    6.20e+17   5.99e-01   5.64e-01  1.66e+00        1    8.97e-04    3.99e-02
  49  9.672824e+16    4.59e+15    6.00e+17   5.88e-01   5.64e-01  1.67e+00        1    8.17e-04    4.07e-02
  50  9.233509e+16    4.39e+15    5.81e+17   5.78e-01   5.63e-01  1.67e+00        1    8.16e-04    4.15e-02
residual 9.23351e+16
Accelerometers Calibration: Extracted 38 intervals using threshold multiplier 5 -> Trying calibrate... 
iter      cost      cost_change  |gradient|   |step|    tr_ratio  tr_radius  ls_iter  iter_time  total_time
   0  5.059871e+17    0.00e+00    4.52e+18   0.00e+00   0.00e+00  1.00e+04        0    4.76e-04    6.32e-04
   1  5.725800e+19   -5.68e+19    4.52e+18   2.37e+04  -1.12e+02  5.00e+03        1    4.20e-04    1.06e-03
   2  5.212278e+19   -5.16e+19    4.52e+18   2.24e+04  -1.02e+02  1.25e+03        1    4.40e-04    1.51e-03
   3  4.023472e+19   -3.97e+19    4.52e+18   1.88e+04  -7.94e+01  1.56e+02        1    4.14e-04    1.93e-03
   4  1.098595e+19   -1.05e+19    4.52e+18   9.73e+03  -2.47e+01  9.77e+00        1    4.15e-04    2.35e-03
   5  5.351902e+17   -2.92e+16    4.52e+18   1.31e+03  -2.02e-01  3.05e-01        1    4.15e-04    2.77e-03
   6  4.800070e+17    2.60e+16    3.26e+18   2.30e+02   4.27e-01  3.04e-01        1    8.18e-04    3.60e-03
   7  4.671682e+17    1.28e+16    2.45e+18   1.36e+02   4.68e-01  3.04e-01        1    8.56e-04    4.46e-03
   8  4.592389e+17    7.93e+15    1.92e+18   8.11e+01   5.42e-01  3.04e-01        1    8.23e-04    5.29e-03
   9  4.533035e+17    5.94e+15    1.59e+18   5.02e+01   6.31e-01  3.10e-01        1    7.92e-04    6.09e-03
  10  4.482138e+17    5.09e+15    1.36e+18   3.20e+01   7.12e-01  3.35e-01        1    8.36e-04    6.94e-03
  11  4.433090e+17    4.90e+15    1.22e+18   2.10e+01   7.76e-01  4.03e-01        1    8.20e-04    7.76e-03
  12  4.379679e+17    5.34e+15    1.13e+18   1.42e+01   8.21e-01  5.49e-01        1    9.05e-04    8.67e-03
  13  4.313991e+17    6.57e+15    1.11e+18   1.59e+01   8.41e-01  8.04e-01        1    8.26e-04    9.51e-03
  14  4.227141e+17    8.68e+15    1.17e+18   3.13e+01   8.19e-01  1.08e+00        1    7.92e-04    1.03e-02
  15  4.116599e+17    1.11e+16    1.28e+18   4.10e+01   7.55e-01  1.25e+00        1    7.93e-04    1.11e-02
  16  3.988030e+17    1.29e+16    1.36e+18   3.10e+01   6.90e-01  1.32e+00        1    7.93e-04    1.19e-02
  17  3.850190e+17    1.38e+16    1.40e+18   1.87e+01   6.50e-01  1.36e+00        1    8.34e-04    1.27e-02
  18  3.709684e+17    1.41e+16    1.40e+18   1.10e+01   6.29e-01  1.38e+00        1    7.95e-04    1.36e-02
  19  3.569959e+17    1.40e+16    1.39e+18   6.71e+00   6.17e-01  1.40e+00        1    9.01e-04    1.45e-02
  20  3.432743e+17    1.37e+16    1.37e+18   4.39e+00   6.10e-01  1.42e+00        1    8.28e-04    1.53e-02
  21  3.298899e+17    1.34e+16    1.34e+18   3.13e+00   6.05e-01  1.43e+00        1    8.28e-04    1.61e-02
  22  3.168841e+17    1.30e+16    1.31e+18   2.43e+00   6.02e-01  1.44e+00        1    9.09e-04    1.70e-02
  23  3.042761e+17    1.26e+16    1.28e+18   2.03e+00   5.99e-01  1.45e+00        1    8.28e-04    1.79e-02
  24  2.920727e+17    1.22e+16    1.24e+18   1.77e+00   5.96e-01  1.47e+00        1    8.61e-04    1.87e-02
  25  2.802744e+17    1.18e+16    1.21e+18   1.59e+00   5.94e-01  1.48e+00        1    8.61e-04    1.96e-02
  26  2.688780e+17    1.14e+16    1.18e+18   1.46e+00   5.92e-01  1.48e+00        1    8.75e-04    2.05e-02
  27  2.578782e+17    1.10e+16    1.15e+18   1.36e+00   5.90e-01  1.49e+00        1    9.00e-04    2.14e-02
  28  2.472682e+17    1.06e+16    1.12e+18   1.27e+00   5.89e-01  1.50e+00        1    8.28e-04    2.22e-02
  29  2.370402e+17    1.02e+16    1.09e+18   1.20e+00   5.87e-01  1.51e+00        1    8.28e-04    2.31e-02
  30  2.271857e+17    9.85e+15    1.06e+18   1.13e+00   5.86e-01  1.52e+00        1    8.28e-04    2.39e-02
  31  2.176958e+17    9.49e+15    1.03e+18   1.07e+00   5.84e-01  1.52e+00        1    8.73e-04    2.48e-02
  32  2.085612e+17    9.13e+15    9.98e+17   1.02e+00   5.83e-01  1.53e+00        1    7.93e-04    2.56e-02
  33  1.997724e+17    8.79e+15    9.69e+17   9.69e-01   5.81e-01  1.54e+00        1    7.93e-04    2.64e-02
  34  1.913196e+17    8.45e+15    9.42e+17   9.24e-01   5.80e-01  1.54e+00        1    7.93e-04    2.72e-02
  35  1.831931e+17    8.13e+15    9.14e+17   8.82e-01   5.79e-01  1.55e+00        1    7.94e-04    2.80e-02
  36  1.753831e+17    7.81e+15    8.87e+17   8.43e-01   5.78e-01  1.56e+00        1    8.40e-04    2.88e-02
  37  1.678797e+17    7.50e+15    8.61e+17   8.08e-01   5.77e-01  1.56e+00        1    8.28e-04    2.97e-02
  38  1.606731e+17    7.21e+15    8.36e+17   7.75e-01   5.76e-01  1.57e+00        1    8.12e-04    3.05e-02
  39  1.537538e+17    6.92e+15    8.11e+17   7.45e-01   5.74e-01  1.57e+00        1    8.13e-04    3.13e-02
  40  1.471120e+17    6.64e+15    7.86e+17   7.17e-01   5.73e-01  1.58e+00        1    8.12e-04    3.21e-02
  41  1.407384e+17    6.37e+15    7.63e+17   6.92e-01   5.72e-01  1.58e+00        1    8.15e-04    3.29e-02
  42  1.346238e+17    6.11e+15    7.39e+17   6.68e-01   5.71e-01  1.59e+00        1    8.12e-04    3.38e-02
  43  1.287589e+17    5.86e+15    7.17e+17   6.47e-01   5.71e-01  1.59e+00        1    8.13e-04    3.46e-02
  44  1.231350e+17    5.62e+15    6.95e+17   6.27e-01   5.70e-01  1.60e+00        1    8.12e-04    3.54e-02
  45  1.177432e+17    5.39e+15    6.73e+17   6.10e-01   5.69e-01  1.60e+00        1    8.13e-04    3.62e-02
  46  1.125752e+17    5.17e+15    6.53e+17   5.94e-01   5.68e-01  1.60e+00        1    8.15e-04    3.70e-02
  47  1.076225e+17    4.95e+15    6.32e+17   5.79e-01   5.67e-01  1.61e+00        1    8.12e-04    3.79e-02
  48  1.028772e+17    4.75e+15    6.12e+17   5.66e-01   5.66e-01  1.61e+00        1    8.13e-04    3.87e-02
  49  9.833141e+16    4.55e+15    5.93e+17   5.55e-01   5.66e-01  1.62e+00        1    8.12e-04    3.95e-02
  50  9.397748e+16    4.35e+15    5.75e+17   5.45e-01   5.65e-01  1.62e+00        1    8.15e-04    4.03e-02
residual 9.39775e+16
Accelerometers Calibration: Extracted 38 intervals using threshold multiplier 6 -> Trying calibrate... 
iter      cost      cost_change  |gradient|   |step|    tr_ratio  tr_radius  ls_iter  iter_time  total_time
   0  5.059922e+17    0.00e+00    4.52e+18   0.00e+00   0.00e+00  1.00e+04        0    4.35e-04    5.99e-04
   1  5.725834e+19   -5.68e+19    4.52e+18   2.37e+04  -1.12e+02  5.00e+03        1    4.02e-04    1.01e-03
   2  5.212295e+19   -5.16e+19    4.52e+18   2.24e+04  -1.02e+02  1.25e+03        1    3.91e-04    1.41e-03
   3  4.023478e+19   -3.97e+19    4.52e+18   1.88e+04  -7.94e+01  1.56e+02        1    3.89e-04    1.80e-03
   4  1.098606e+19   -1.05e+19    4.52e+18   9.73e+03  -2.47e+01  9.77e+00        1    3.89e-04    2.20e-03
   5  5.351940e+17   -2.92e+16    4.52e+18   1.31e+03  -2.02e-01  3.05e-01        1    3.89e-04    2.60e-03
   6  4.800105e+17    2.60e+16    3.26e+18   2.30e+02   4.27e-01  3.04e-01        1    8.07e-04    3.41e-03
   7  4.671711e+17    1.28e+16    2.45e+18   1.36e+02   4.68e-01  3.04e-01        1    8.12e-04    4.23e-03
   8  4.592414e+17    7.93e+15    1.92e+18   8.11e+01   5.42e-01  3.04e-01        1    8.12e-04    5.05e-03
   9  4.533059e+17    5.94e+15    1.59e+18   5.02e+01   6.31e-01  3.10e-01        1    8.11e-04    5.87e-03
  10  4.482162e+17    5.09e+15    1.36e+18   3.20e+01   7.12e-01  3.35e-01        1    8.11e-04    6.68e-03
  11  4.433113e+17    4.90e+15    1.22e+18   2.10e+01   7.76e-01  4.03e-01        1    8.13e-04    7.50e-03
  12  4.379702e+17    5.34e+15    1.13e+18   1.42e+01   8.21e-01  5.49e-01        1    8.11e-04    8.33e-03
  13  4.314015e+17    6.57e+15    1.11e+18   1.59e+01   8.41e-01  8.04e-01        1    8.11e-04    9.15e-03
  14  4.227167e+17    8.68e+15    1.17e+18   3.13e+01   8.19e-01  1.08e+00        1    8.10e-04    9.96e-03
  15  4.116625e+17    1.11e+16    1.28e+18   4.10e+01   7.55e-01  1.25e+00        1    8.11e-04    1.08e-02
  16  3.988057e+17    1.29e+16    1.36e+18   3.10e+01   6.90e-01  1.32e+00        1    8.14e-04    1.16e-02
  17  3.850216e+17    1.38e+16    1.40e+18   1.87e+01   6.50e-01  1.36e+00        1    8.11e-04    1.24e-02
  18  3.709709e+17    1.41e+16    1.40e+18   1.10e+01   6.29e-01  1.38e+00        1    8.11e-04    1.32e-02
  19  3.569983e+17    1.40e+16    1.39e+18   6.71e+00   6.17e-01  1.40e+00        1    8.11e-04    1.41e-02
  20  3.432766e+17    1.37e+16    1.37e+18   4.39e+00   6.10e-01  1.42e+00        1    8.11e-04    1.49e-02
  21  3.298920e+17    1.34e+16    1.34e+18   3.13e+00   6.05e-01  1.43e+00        1    8.16e-04    1.57e-02
  22  3.168862e+17    1.30e+16    1.31e+18   2.43e+00   6.02e-01  1.44e+00        1    8.10e-04    1.65e-02
  23  3.042780e+17    1.26e+16    1.28e+18   2.03e+00   5.99e-01  1.45e+00        1    8.11e-04    1.73e-02
  24  2.920745e+17    1.22e+16    1.24e+18   1.77e+00   5.96e-01  1.47e+00        1    8.12e-04    1.81e-02
  25  2.802761e+17    1.18e+16    1.21e+18   1.59e+00   5.94e-01  1.48e+00        1    8.11e-04    1.90e-02
  26  2.688796e+17    1.14e+16    1.18e+18   1.46e+00   5.92e-01  1.48e+00        1    8.13e-04    1.98e-02
  27  2.578797e+17    1.10e+16    1.15e+18   1.36e+00   5.90e-01  1.49e+00        1    8.11e-04    2.06e-02
  28  2.472696e+17    1.06e+16    1.12e+18   1.27e+00   5.89e-01  1.50e+00        1    8.11e-04    2.14e-02
  29  2.370415e+17    1.02e+16    1.09e+18   1.20e+00   5.87e-01  1.51e+00        1    8.11e-04    2.22e-02
  30  2.271869e+17    9.85e+15    1.06e+18   1.13e+00   5.86e-01  1.52e+00        1    8.13e-04    2.31e-02
  31  2.176969e+17    9.49e+15    1.03e+18   1.07e+00   5.84e-01  1.52e+00        1    8.12e-04    2.39e-02
  32  2.085623e+17    9.13e+15    9.98e+17   1.02e+00   5.83e-01  1.53e+00        1    8.13e-04    2.47e-02
  33  1.997734e+17    8.79e+15    9.69e+17   9.69e-01   5.81e-01  1.54e+00        1    8.12e-04    2.55e-02
  34  1.913205e+17    8.45e+15    9.42e+17   9.24e-01   5.80e-01  1.54e+00        1    8.12e-04    2.63e-02
  35  1.831940e+17    8.13e+15    9.14e+17   8.82e-01   5.79e-01  1.55e+00        1    8.13e-04    2.72e-02
  36  1.753839e+17    7.81e+15    8.87e+17   8.43e-01   5.78e-01  1.56e+00        1    8.11e-04    2.80e-02
  37  1.678804e+17    7.50e+15    8.61e+17   8.08e-01   5.77e-01  1.56e+00        1    8.10e-04    2.88e-02
  38  1.606738e+17    7.21e+15    8.36e+17   7.75e-01   5.76e-01  1.57e+00        1    8.12e-04    2.96e-02
  39  1.537544e+17    6.92e+15    8.11e+17   7.45e-01   5.74e-01  1.57e+00        1    8.12e-04    3.04e-02
  40  1.471126e+17    6.64e+15    7.86e+17   7.17e-01   5.73e-01  1.58e+00        1    8.14e-04    3.12e-02
  41  1.407389e+17    6.37e+15    7.63e+17   6.92e-01   5.72e-01  1.58e+00        1    8.10e-04    3.21e-02
  42  1.346242e+17    6.11e+15    7.39e+17   6.68e-01   5.71e-01  1.59e+00        1    8.11e-04    3.29e-02
  43  1.287593e+17    5.86e+15    7.17e+17   6.47e-01   5.71e-01  1.59e+00        1    8.09e-04    3.37e-02
  44  1.231354e+17    5.62e+15    6.95e+17   6.27e-01   5.70e-01  1.60e+00        1    8.11e-04    3.45e-02
  45  1.177436e+17    5.39e+15    6.73e+17   6.10e-01   5.69e-01  1.60e+00        1    8.14e-04    3.53e-02
  46  1.125755e+17    5.17e+15    6.53e+17   5.94e-01   5.68e-01  1.60e+00        1    8.11e-04    3.61e-02
  47  1.076228e+17    4.95e+15    6.32e+17   5.79e-01   5.67e-01  1.61e+00        1    8.11e-04    3.70e-02
  48  1.028775e+17    4.75e+15    6.12e+17   5.67e-01   5.66e-01  1.61e+00        1    8.11e-04    3.78e-02
  49  9.833161e+16    4.55e+15    5.93e+17   5.55e-01   5.66e-01  1.62e+00        1    8.11e-04    3.86e-02
  50  9.397764e+16    4.35e+15    5.75e+17   5.45e-01   5.65e-01  1.62e+00        1    8.22e-04    3.94e-02
residual 9.39776e+16
Accelerometers Calibration: Extracted 38 intervals using threshold multiplier 7 -> Trying calibrate... 
iter      cost      cost_change  |gradient|   |step|    tr_ratio  tr_radius  ls_iter  iter_time  total_time
   0  5.059970e+17    0.00e+00    4.52e+18   0.00e+00   0.00e+00  1.00e+04        0    4.43e-04    6.03e-04
   1  5.725857e+19   -5.68e+19    4.52e+18   2.37e+04  -1.12e+02  5.00e+03        1    3.99e-04    1.01e-03
   2  5.212310e+19   -5.16e+19    4.52e+18   2.24e+04  -1.02e+02  1.25e+03        1    3.89e-04    1.41e-03
   3  4.023473e+19   -3.97e+19    4.52e+18   1.88e+04  -7.94e+01  1.56e+02        1    3.87e-04    1.80e-03
   4  1.098624e+19   -1.05e+19    4.52e+18   9.73e+03  -2.47e+01  9.77e+00        1    3.87e-04    2.20e-03
   5  5.352011e+17   -2.92e+16    4.52e+18   1.31e+03  -2.02e-01  3.05e-01        1    3.90e-04    2.59e-03
   6  4.800158e+17    2.60e+16    3.26e+18   2.30e+02   4.27e-01  3.04e-01        1    8.07e-04    3.41e-03
   7  4.671764e+17    1.28e+16    2.45e+18   1.36e+02   4.68e-01  3.04e-01        1    8.13e-04    4.23e-03
   8  4.592468e+17    7.93e+15    1.92e+18   8.11e+01   5.42e-01  3.04e-01        1    8.13e-04    5.05e-03
   9  4.533111e+17    5.94e+15    1.59e+18   5.02e+01   6.31e-01  3.10e-01        1    8.16e-04    5.87e-03
  10  4.482213e+17    5.09e+15    1.36e+18   3.20e+01   7.12e-01  3.35e-01        1    8.18e-04    6.70e-03
  11  4.433164e+17    4.90e+15    1.22e+18   2.10e+01   7.76e-01  4.03e-01        1    8.16e-04    7.52e-03
  12  4.379752e+17    5.34e+15    1.13e+18   1.42e+01   8.21e-01  5.49e-01        1    8.15e-04    8.34e-03
  13  4.314063e+17    6.57e+15    1.11e+18   1.59e+01   8.41e-01  8.04e-01        1    8.16e-04    9.16e-03
  14  4.227211e+17    8.69e+15    1.17e+18   3.13e+01   8.19e-01  1.08e+00        1    8.16e-04    9.99e-03
  15  4.116666e+17    1.11e+16    1.28e+18   4.10e+01   7.55e-01  1.25e+00        1    8.17e-04    1.08e-02
  16  3.988094e+17    1.29e+16    1.36e+18   3.10e+01   6.90e-01  1.32e+00        1    8.16e-04    1.16e-02
  17  3.850250e+17    1.38e+16    1.40e+18   1.87e+01   6.50e-01  1.36e+00        1    8.13e-04    1.25e-02
  18  3.709740e+17    1.41e+16    1.40e+18   1.10e+01   6.29e-01  1.38e+00        1    8.16e-04    1.33e-02
  19  3.570011e+17    1.40e+16    1.39e+18   6.71e+00   6.17e-01  1.40e+00        1    8.14e-04    1.41e-02
  20  3.432791e+17    1.37e+16    1.37e+18   4.39e+00   6.10e-01  1.42e+00        1    8.18e-04    1.49e-02
  21  3.298943e+17    1.34e+16    1.34e+18   3.13e+00   6.05e-01  1.43e+00        1    8.14e-04    1.57e-02
  22  3.168882e+17    1.30e+16    1.31e+18   2.43e+00   6.02e-01  1.44e+00        1    8.17e-04    1.66e-02
  23  3.042798e+17    1.26e+16    1.28e+18   2.03e+00   5.99e-01  1.45e+00        1    8.12e-04    1.74e-02
  24  2.920761e+17    1.22e+16    1.24e+18   1.77e+00   5.96e-01  1.47e+00        1    8.14e-04    1.82e-02
  25  2.802775e+17    1.18e+16    1.21e+18   1.59e+00   5.94e-01  1.48e+00        1    8.18e-04    1.90e-02
  26  2.688809e+17    1.14e+16    1.18e+18   1.46e+00   5.92e-01  1.48e+00        1    8.17e-04    1.99e-02
  27  2.578808e+17    1.10e+16    1.15e+18   1.36e+00   5.90e-01  1.49e+00        1    8.39e-04    2.33e-02
  28  2.472705e+17    1.06e+16    1.12e+18   1.27e+00   5.89e-01  1.50e+00        1    8.27e-04    2.41e-02
  29  2.370423e+17    1.02e+16    1.09e+18   1.20e+00   5.87e-01  1.51e+00        1    8.01e-04    2.49e-02
  30  2.271876e+17    9.85e+15    1.06e+18   1.13e+00   5.86e-01  1.52e+00        1    7.98e-04    2.57e-02
  31  2.176974e+17    9.49e+15    1.03e+18   1.07e+00   5.84e-01  1.52e+00        1    7.98e-04    2.65e-02
  32  2.085627e+17    9.13e+15    9.98e+17   1.02e+00   5.83e-01  1.53e+00        1    8.00e-04    2.73e-02
  33  1.997736e+17    8.79e+15    9.69e+17   9.69e-01   5.81e-01  1.54e+00        1    7.95e-04    2.82e-02
  34  1.913207e+17    8.45e+15    9.42e+17   9.24e-01   5.80e-01  1.54e+00        1    7.96e-04    2.90e-02
  35  1.831941e+17    8.13e+15    9.14e+17   8.82e-01   5.79e-01  1.55e+00        1    8.66e-04    2.98e-02
  36  1.753839e+17    7.81e+15    8.87e+17   8.43e-01   5.78e-01  1.56e+00        1    8.33e-04    3.07e-02
  37  1.678803e+17    7.50e+15    8.61e+17   8.08e-01   5.77e-01  1.56e+00        1    8.30e-04    3.15e-02
  38  1.606736e+17    7.21e+15    8.36e+17   7.75e-01   5.76e-01  1.57e+00        1    8.32e-04    3.23e-02
  39  1.537541e+17    6.92e+15    8.11e+17   7.45e-01   5.74e-01  1.57e+00        1    8.31e-04    3.32e-02
  40  1.471123e+17    6.64e+15    7.86e+17   7.17e-01   5.73e-01  1.58e+00        1    8.30e-04    3.40e-02
  41  1.407386e+17    6.37e+15    7.63e+17   6.92e-01   5.72e-01  1.58e+00        1    8.68e-04    3.49e-02
  42  1.346238e+17    6.11e+15    7.39e+17   6.68e-01   5.71e-01  1.59e+00        1    7.95e-04    3.57e-02
  43  1.287589e+17    5.86e+15    7.17e+17   6.47e-01   5.71e-01  1.59e+00        1    7.96e-04    3.65e-02
  44  1.231349e+17    5.62e+15    6.95e+17   6.27e-01   5.70e-01  1.60e+00        1    8.30e-04    3.73e-02
  45  1.177430e+17    5.39e+15    6.73e+17   6.10e-01   5.69e-01  1.60e+00        1    7.95e-04    3.81e-02
  46  1.125749e+17    5.17e+15    6.53e+17   5.94e-01   5.68e-01  1.60e+00        1    8.37e-04    3.90e-02
  47  1.076222e+17    4.95e+15    6.32e+17   5.79e-01   5.67e-01  1.61e+00        1    7.94e-04    3.98e-02
  48  1.028768e+17    4.75e+15    6.12e+17   5.67e-01   5.66e-01  1.61e+00        1    7.94e-04    4.06e-02
  49  9.833098e+16    4.55e+15    5.93e+17   5.55e-01   5.66e-01  1.62e+00        1    7.97e-04    4.14e-02
  50  9.397700e+16    4.35e+15    5.75e+17   5.45e-01   5.65e-01  1.62e+00        1    7.97e-04    4.22e-02
residual 9.3977e+16
Accelerometers Calibration: Extracted 38 intervals using threshold multiplier 8 -> Trying calibrate... 
iter      cost      cost_change  |gradient|   |step|    tr_ratio  tr_radius  ls_iter  iter_time  total_time
   0  5.060046e+17    0.00e+00    4.52e+18   0.00e+00   0.00e+00  1.00e+04        0    4.33e-04    5.93e-04
   1  5.725899e+19   -5.68e+19    4.52e+18   2.37e+04  -1.12e+02  5.00e+03        1    3.91e-04    9.94e-04
   2  5.212339e+19   -5.16e+19    4.52e+18   2.24e+04  -1.02e+02  1.25e+03        1    3.80e-04    1.38e-03
   3  4.023499e+19   -3.97e+19    4.52e+18   1.88e+04  -7.94e+01  1.56e+02        1    3.80e-04    1.77e-03
   4  1.098649e+19   -1.05e+19    4.52e+18   9.73e+03  -2.47e+01  9.77e+00        1    3.79e-04    2.15e-03
   5  5.352116e+17   -2.92e+16    4.52e+18   1.31e+03  -2.02e-01  3.05e-01        1    3.79e-04    2.54e-03
   6  4.800247e+17    2.60e+16    3.26e+18   2.30e+02   4.27e-01  3.04e-01        1    8.13e-04    3.36e-03
   7  4.671857e+17    1.28e+16    2.45e+18   1.36e+02   4.68e-01  3.04e-01        1    8.22e-04    4.19e-03
   8  4.592561e+17    7.93e+15    1.92e+18   8.11e+01   5.42e-01  3.04e-01        1    7.97e-04    4.99e-03
   9  4.533204e+17    5.94e+15    1.59e+18   5.02e+01   6.31e-01  3.10e-01        1    7.97e-04    5.80e-03
  10  4.482305e+17    5.09e+15    1.36e+18   3.20e+01   7.12e-01  3.35e-01        1    7.96e-04    6.60e-03
  11  4.433255e+17    4.91e+15    1.22e+18   2.10e+01   7.76e-01  4.03e-01        1    7.97e-04    7.41e-03
  12  4.379840e+17    5.34e+15    1.13e+18   1.42e+01   8.21e-01  5.49e-01        1    8.04e-04    8.22e-03
  13  4.314146e+17    6.57e+15    1.11e+18   1.59e+01   8.41e-01  8.04e-01        1    7.97e-04    9.02e-03
  14  4.227288e+17    8.69e+15    1.17e+18   3.13e+01   8.19e-01  1.08e+00        1    7.98e-04    9.82e-03
  15  4.116736e+17    1.11e+16    1.28e+18   4.10e+01   7.55e-01  1.25e+00        1    8.40e-04    1.07e-02
  16  3.988157e+17    1.29e+16    1.36e+18   3.10e+01   6.90e-01  1.32e+00        1    8.07e-04    1.15e-02
  17  3.850307e+17    1.38e+16    1.40e+18   1.87e+01   6.50e-01  1.36e+00        1    7.98e-04    1.23e-02
  18  3.709792e+17    1.41e+16    1.40e+18   1.10e+01   6.29e-01  1.38e+00        1    7.98e-04    1.31e-02
  19  3.570059e+17    1.40e+16    1.39e+18   6.71e+00   6.17e-01  1.40e+00        1    7.98e-04    1.39e-02
  20  3.432836e+17    1.37e+16    1.37e+18   4.39e+00   6.10e-01  1.42e+00        1    7.98e-04    1.47e-02
  21  3.298984e+17    1.34e+16    1.34e+18   3.13e+00   6.05e-01  1.43e+00        1    8.05e-04    1.55e-02
  22  3.168920e+17    1.30e+16    1.31e+18   2.43e+00   6.02e-01  1.44e+00        1    1.09e-03    1.66e-02
  23  3.042833e+17    1.26e+16    1.28e+18   2.03e+00   5.99e-01  1.45e+00        1    8.33e-04    1.75e-02
  24  2.920792e+17    1.22e+16    1.24e+18   1.77e+00   5.96e-01  1.47e+00        1    8.50e-04    1.83e-02
  25  2.802803e+17    1.18e+16    1.21e+18   1.59e+00   5.94e-01  1.48e+00        1    9.75e-04    1.93e-02
  26  2.688834e+17    1.14e+16    1.18e+18   1.46e+00   5.92e-01  1.48e+00        1    8.73e-04    2.02e-02
  27  2.578831e+17    1.10e+16    1.15e+18   1.36e+00   5.90e-01  1.49e+00        1    7.98e-04    2.10e-02
  28  2.472726e+17    1.06e+16    1.12e+18   1.27e+00   5.89e-01  1.50e+00        1    7.96e-04    2.18e-02
  29  2.370442e+17    1.02e+16    1.09e+18   1.20e+00   5.87e-01  1.51e+00        1    7.97e-04    2.26e-02
  30  2.271892e+17    9.85e+15    1.06e+18   1.13e+00   5.86e-01  1.52e+00        1    7.98e-04    2.34e-02
  31  2.176989e+17    9.49e+15    1.03e+18   1.07e+00   5.84e-01  1.52e+00        1    8.64e-04    2.43e-02
  32  2.085640e+17    9.13e+15    9.98e+17   1.02e+00   5.83e-01  1.53e+00        1    8.36e-04    2.51e-02
  33  1.997748e+17    8.79e+15    9.69e+17   9.69e-01   5.81e-01  1.54e+00        1    7.98e-04    2.59e-02
  34  1.913217e+17    8.45e+15    9.42e+17   9.24e-01   5.80e-01  1.54e+00        1    7.98e-04    2.67e-02
  35  1.831949e+17    8.13e+15    9.14e+17   8.82e-01   5.79e-01  1.55e+00        1    8.43e-04    2.76e-02
  36  1.753846e+17    7.81e+15    8.87e+17   8.43e-01   5.78e-01  1.56e+00        1    7.98e-04    2.84e-02
  37  1.678809e+17    7.50e+15    8.61e+17   8.08e-01   5.77e-01  1.56e+00        1    7.99e-04    2.92e-02
  38  1.606741e+17    7.21e+15    8.36e+17   7.75e-01   5.76e-01  1.57e+00        1    7.98e-04    3.00e-02
  39  1.537546e+17    6.92e+15    8.11e+17   7.45e-01   5.74e-01  1.57e+00        1    7.98e-04    3.08e-02
  40  1.471126e+17    6.64e+15    7.86e+17   7.17e-01   5.73e-01  1.58e+00        1    8.44e-04    3.16e-02
  41  1.407388e+17    6.37e+15    7.63e+17   6.92e-01   5.72e-01  1.58e+00        1    8.40e-04    3.25e-02
  42  1.346240e+17    6.11e+15    7.39e+17   6.68e-01   5.71e-01  1.59e+00        1    7.99e-04    3.33e-02
  43  1.287590e+17    5.87e+15    7.17e+17   6.47e-01   5.71e-01  1.59e+00        1    7.98e-04    3.41e-02
  44  1.231349e+17    5.62e+15    6.95e+17   6.27e-01   5.70e-01  1.60e+00        1    7.98e-04    3.49e-02
  45  1.177430e+17    5.39e+15    6.73e+17   6.10e-01   5.69e-01  1.60e+00        1    8.40e-04    3.58e-02
  46  1.125748e+17    5.17e+15    6.53e+17   5.94e-01   5.68e-01  1.60e+00        1    9.97e-04    3.68e-02
  47  1.076220e+17    4.95e+15    6.32e+17   5.79e-01   5.67e-01  1.61e+00        1    8.87e-04    3.77e-02
  48  1.028766e+17    4.75e+15    6.12e+17   5.67e-01   5.66e-01  1.61e+00        1    8.17e-04    3.85e-02
  49  9.833072e+16    4.55e+15    5.93e+17   5.55e-01   5.66e-01  1.62e+00        1    8.15e-04    3.93e-02
  50  9.397670e+16    4.35e+15    5.75e+17   5.45e-01   5.65e-01  1.62e+00        1    8.24e-04    4.01e-02
residual 9.39767e+16
Accelerometers Calibration: Extracted 38 intervals using threshold multiplier 9 -> Trying calibrate... 
iter      cost      cost_change  |gradient|   |step|    tr_ratio  tr_radius  ls_iter  iter_time  total_time
   0  5.060030e+17    0.00e+00    4.52e+18   0.00e+00   0.00e+00  1.00e+04        0    4.71e-04    6.30e-04
   1  5.725662e+19   -5.68e+19    4.52e+18   2.37e+04  -1.12e+02  5.00e+03        1    3.90e-04    1.03e-03
   2  5.212295e+19   -5.16e+19    4.52e+18   2.24e+04  -1.02e+02  1.25e+03        1    3.79e-04    1.42e-03
   3  4.023602e+19   -3.97e+19    4.52e+18   1.88e+04  -7.94e+01  1.56e+02        1    3.79e-04    1.80e-03
   4  1.098678e+19   -1.05e+19    4.52e+18   9.73e+03  -2.48e+01  9.77e+00        1    3.78e-04    2.19e-03
   5  5.352147e+17   -2.92e+16    4.52e+18   1.31e+03  -2.02e-01  3.05e-01        1    3.81e-04    2.58e-03
   6  4.800242e+17    2.60e+16    3.26e+18   2.30e+02   4.27e-01  3.04e-01        1    7.86e-04    3.38e-03
   7  4.671857e+17    1.28e+16    2.45e+18   1.36e+02   4.68e-01  3.04e-01        1    7.95e-04    4.18e-03
   8  4.592564e+17    7.93e+15    1.92e+18   8.11e+01   5.42e-01  3.04e-01        1    1.25e-03    5.44e-03
   9  4.533209e+17    5.94e+15    1.59e+18   5.01e+01   6.31e-01  3.10e-01        1    1.16e-03    6.61e-03
  10  4.482311e+17    5.09e+15    1.36e+18   3.20e+01   7.12e-01  3.35e-01        1    8.14e-04    7.43e-03
  11  4.433260e+17    4.91e+15    1.22e+18   2.10e+01   7.76e-01  4.03e-01        1    8.14e-04    8.25e-03
  12  4.379844e+17    5.34e+15    1.13e+18   1.42e+01   8.21e-01  5.49e-01        1    8.13e-04    9.07e-03
  13  4.314150e+17    6.57e+15    1.11e+18   1.59e+01   8.41e-01  8.04e-01        1    8.14e-04    9.89e-03
  14  4.227293e+17    8.69e+15    1.17e+18   3.13e+01   8.19e-01  1.08e+00        1    8.23e-04    1.07e-02
  15  4.116743e+17    1.11e+16    1.28e+18   4.10e+01   7.55e-01  1.25e+00        1    7.95e-04    1.15e-02
  16  3.988169e+17    1.29e+16    1.36e+18   3.10e+01   6.90e-01  1.32e+00        1    7.95e-04    1.23e-02
  17  3.850324e+17    1.38e+16    1.40e+18   1.87e+01   6.50e-01  1.36e+00        1    7.94e-04    1.31e-02
  18  3.709814e+17    1.41e+16    1.40e+18   1.10e+01   6.29e-01  1.38e+00        1    7.95e-04    1.39e-02
  19  3.570086e+17    1.40e+16    1.39e+18   6.71e+00   6.17e-01  1.40e+00        1    8.29e-04    1.48e-02
  20  3.432867e+17    1.37e+16    1.37e+18   4.39e+00   6.10e-01  1.42e+00        1    7.94e-04    1.56e-02
  21  3.299019e+17    1.34e+16    1.34e+18   3.13e+00   6.05e-01  1.43e+00        1    7.95e-04    1.64e-02
  22  3.168959e+17    1.30e+16    1.31e+18   2.43e+00   6.02e-01  1.44e+00        1    7.94e-04    1.72e-02
  23  3.042875e+17    1.26e+16    1.28e+18   2.03e+00   5.99e-01  1.45e+00        1    7.94e-04    1.80e-02
  24  2.920838e+17    1.22e+16    1.24e+18   1.77e+00   5.96e-01  1.47e+00        1    8.33e-04    1.88e-02
  25  2.802852e+17    1.18e+16    1.21e+18   1.59e+00   5.94e-01  1.47e+00        1    7.95e-04    1.96e-02
  26  2.688885e+17    1.14e+16    1.18e+18   1.46e+00   5.92e-01  1.48e+00        1    7.95e-04    2.04e-02
  27  2.578885e+17    1.10e+16    1.15e+18   1.36e+00   5.90e-01  1.49e+00        1    7.95e-04    2.12e-02
  28  2.472781e+17    1.06e+16    1.12e+18   1.27e+00   5.89e-01  1.50e+00        1    8.27e-04    2.20e-02
  29  2.370498e+17    1.02e+16    1.09e+18   1.20e+00   5.87e-01  1.51e+00        1    7.97e-04    2.28e-02
  30  2.271950e+17    9.85e+15    1.06e+18   1.13e+00   5.86e-01  1.52e+00        1    7.95e-04    2.36e-02
  31  2.177049e+17    9.49e+15    1.03e+18   1.07e+00   5.84e-01  1.52e+00        1    7.94e-04    2.44e-02
  32  2.085700e+17    9.13e+15    9.98e+17   1.02e+00   5.83e-01  1.53e+00        1    7.92e-04    2.52e-02
  33  1.997809e+17    8.79e+15    9.70e+17   9.69e-01   5.81e-01  1.54e+00        1    7.94e-04    2.60e-02
  34  1.913279e+17    8.45e+15    9.42e+17   9.24e-01   5.80e-01  1.54e+00        1    7.97e-04    2.69e-02
  35  1.832011e+17    8.13e+15    9.14e+17   8.82e-01   5.79e-01  1.55e+00        1    7.93e-04    2.77e-02
  36  1.753908e+17    7.81e+15    8.87e+17   8.43e-01   5.78e-01  1.56e+00        1    7.94e-04    2.85e-02
  37  1.678872e+17    7.50e+15    8.61e+17   8.08e-01   5.77e-01  1.56e+00        1    8.61e-04    2.93e-02
  38  1.606804e+17    7.21e+15    8.36e+17   7.75e-01   5.76e-01  1.57e+00        1    7.95e-04    3.01e-02
  39  1.537608e+17    6.92e+15    8.11e+17   7.45e-01   5.74e-01  1.57e+00        1    8.43e-04    3.10e-02
  40  1.471188e+17    6.64e+15    7.86e+17   7.17e-01   5.73e-01  1.58e+00        1    7.94e-04    3.18e-02
  41  1.407450e+17    6.37e+15    7.63e+17   6.92e-01   5.72e-01  1.58e+00        1    7.94e-04    3.26e-02
  42  1.346301e+17    6.11e+15    7.39e+17   6.68e-01   5.71e-01  1.59e+00        1    7.95e-04    3.34e-02
  43  1.287650e+17    5.87e+15    7.17e+17   6.47e-01   5.71e-01  1.59e+00        1    8.42e-04    3.42e-02
  44  1.231408e+17    5.62e+15    6.95e+17   6.27e-01   5.70e-01  1.60e+00        1    8.71e-04    3.51e-02
  45  1.177489e+17    5.39e+15    6.73e+17   6.10e-01   5.69e-01  1.60e+00        1    8.33e-04    3.59e-02
  46  1.125806e+17    5.17e+15    6.53e+17   5.94e-01   5.68e-01  1.60e+00        1    8.67e-04    3.68e-02
  47  1.076278e+17    4.95e+15    6.32e+17   5.79e-01   5.67e-01  1.61e+00        1    7.98e-04    3.76e-02
  48  1.028822e+17    4.75e+15    6.13e+17   5.67e-01   5.66e-01  1.61e+00        1    8.03e-04    3.84e-02
  49  9.833625e+16    4.55e+15    5.93e+17   5.55e-01   5.66e-01  1.62e+00        1    8.02e-04    3.92e-02
  50  9.398212e+16    4.35e+15    5.75e+17   5.45e-01   5.65e-01  1.62e+00        1    7.94e-04    4.01e-02
residual 9.39821e+16
Accelerometers Calibration: Extracted 38 intervals using threshold multiplier 10 -> Trying calibrate... 
iter      cost      cost_change  |gradient|   |step|    tr_ratio  tr_radius  ls_iter  iter_time  total_time
   0  5.059980e+17    0.00e+00    4.52e+18   0.00e+00   0.00e+00  1.00e+04        0    4.33e-04    5.91e-04
   1  5.725147e+19   -5.67e+19    4.52e+18   2.37e+04  -1.12e+02  5.00e+03        1    3.91e-04    9.93e-04
   2  5.212264e+19   -5.16e+19    4.52e+18   2.24e+04  -1.02e+02  1.25e+03        1    3.80e-04    1.38e-03
   3  4.023873e+19   -3.97e+19    4.52e+18   1.88e+04  -7.94e+01  1.56e+02        1    3.89e-04    1.78e-03
   4  1.098728e+19   -1.05e+19    4.52e+18   9.73e+03  -2.48e+01  9.77e+00        1    3.80e-04    2.16e-03
   5  5.352131e+17   -2.92e+16    4.52e+18   1.31e+03  -2.03e-01  3.05e-01        1    3.79e-04    2.55e-03
   6  4.800197e+17    2.60e+16    3.26e+18   2.30e+02   4.27e-01  3.04e-01        1    8.35e-04    3.39e-03
   7  4.671815e+17    1.28e+16    2.45e+18   1.36e+02   4.68e-01  3.04e-01        1    8.23e-04    4.22e-03
   8  4.592523e+17    7.93e+15    1.92e+18   8.11e+01   5.42e-01  3.04e-01        1    8.33e-04    5.07e-03
   9  4.533169e+17    5.94e+15    1.59e+18   5.01e+01   6.31e-01  3.10e-01        1    8.03e-04    5.88e-03
  10  4.482272e+17    5.09e+15    1.36e+18   3.20e+01   7.12e-01  3.35e-01        1    7.92e-04    6.68e-03
  11  4.433222e+17    4.90e+15    1.22e+18   2.10e+01   7.76e-01  4.03e-01        1    7.96e-04    7.48e-03
  12  4.379809e+17    5.34e+15    1.13e+18   1.42e+01   8.21e-01  5.49e-01        1    7.95e-04    8.28e-03
  13  4.314119e+17    6.57e+15    1.11e+18   1.59e+01   8.41e-01  8.04e-01        1    8.41e-04    9.13e-03
  14  4.227269e+17    8.68e+15    1.17e+18   3.13e+01   8.19e-01  1.08e+00        1    8.14e-04    9.95e-03
  15  4.116731e+17    1.11e+16    1.28e+18   4.10e+01   7.55e-01  1.25e+00        1    8.08e-04    1.08e-02
  16  3.988171e+17    1.29e+16    1.36e+18   3.10e+01   6.90e-01  1.32e+00        1    8.09e-04    1.16e-02
  17  3.850340e+17    1.38e+16    1.40e+18   1.87e+01   6.50e-01  1.36e+00        1    8.46e-04    1.24e-02
  18  3.709844e+17    1.40e+16    1.40e+18   1.10e+01   6.29e-01  1.38e+00        1    9.37e-04    1.34e-02
  19  3.570128e+17    1.40e+16    1.39e+18   6.71e+00   6.17e-01  1.40e+00        1    8.21e-04    1.42e-02
  20  3.432920e+17    1.37e+16    1.37e+18   4.39e+00   6.10e-01  1.42e+00        1    8.28e-04    1.51e-02
  21  3.299083e+17    1.34e+16    1.34e+18   3.13e+00   6.05e-01  1.43e+00        1    8.20e-04    1.59e-02
  22  3.169032e+17    1.30e+16    1.31e+18   2.43e+00   6.02e-01  1.44e+00        1    8.03e-04    1.67e-02
  23  3.042957e+17    1.26e+16    1.28e+18   2.03e+00   5.99e-01  1.45e+00        1    8.78e-04    1.76e-02
  24  2.920928e+17    1.22e+16    1.24e+18   1.77e+00   5.96e-01  1.46e+00        1    8.24e-04    1.84e-02
  25  2.802949e+17    1.18e+16    1.21e+18   1.59e+00   5.94e-01  1.47e+00        1    8.43e-04    1.93e-02
  26  2.688989e+17    1.14e+16    1.18e+18   1.46e+00   5.92e-01  1.48e+00        1    7.98e-04    2.01e-02
  27  2.578994e+17    1.10e+16    1.15e+18   1.36e+00   5.90e-01  1.49e+00        1    7.92e-04    2.09e-02
  28  2.472896e+17    1.06e+16    1.12e+18   1.27e+00   5.89e-01  1.50e+00        1    8.06e-04    2.17e-02
  29  2.370617e+17    1.02e+16    1.09e+18   1.20e+00   5.87e-01  1.51e+00        1    7.98e-04    2.25e-02
  30  2.272073e+17    9.85e+15    1.06e+18   1.13e+00   5.86e-01  1.52e+00        1    7.92e-04    2.33e-02
  31  2.177175e+17    9.49e+15    1.03e+18   1.07e+00   5.84e-01  1.52e+00        1    8.38e-04    2.41e-02
  32  2.085829e+17    9.13e+15    9.98e+17   1.02e+00   5.83e-01  1.53e+00        1    7.94e-04    2.49e-02
  33  1.997940e+17    8.79e+15    9.70e+17   9.69e-01   5.81e-01  1.54e+00        1    8.08e-04    2.58e-02
  34  1.913412e+17    8.45e+15    9.42e+17   9.24e-01   5.80e-01  1.54e+00        1    8.42e-04    2.66e-02
  35  1.832146e+17    8.13e+15    9.14e+17   8.82e-01   5.79e-01  1.55e+00        1    7.95e-04    2.74e-02
  36  1.754044e+17    7.81e+15    8.87e+17   8.43e-01   5.78e-01  1.56e+00        1    8.01e-04    2.82e-02
  37  1.679008e+17    7.50e+15    8.61e+17   8.08e-01   5.77e-01  1.56e+00        1    8.46e-04    2.91e-02
  38  1.606940e+17    7.21e+15    8.36e+17   7.75e-01   5.76e-01  1.57e+00        1    9.10e-04    3.00e-02
  39  1.537744e+17    6.92e+15    8.11e+17   7.45e-01   5.74e-01  1.57e+00        1    7.92e-04    3.08e-02
  40  1.471324e+17    6.64e+15    7.86e+17   7.17e-01   5.73e-01  1.58e+00        1    7.96e-04    3.16e-02
  41  1.407585e+17    6.37e+15    7.63e+17   6.92e-01   5.72e-01  1.58e+00        1    8.01e-04    3.24e-02
  42  1.346435e+17    6.11e+15    7.40e+17   6.68e-01   5.72e-01  1.59e+00        1    8.38e-04    3.33e-02
  43  1.287784e+17    5.87e+15    7.17e+17   6.47e-01   5.71e-01  1.59e+00        1    8.33e-04    3.41e-02
  44  1.231541e+17    5.62e+15    6.95e+17   6.27e-01   5.70e-01  1.60e+00        1    7.98e-04    3.49e-02
  45  1.177620e+17    5.39e+15    6.73e+17   6.10e-01   5.69e-01  1.60e+00        1    1.08e-03    3.60e-02
  46  1.125935e+17    5.17e+15    6.53e+17   5.94e-01   5.68e-01  1.60e+00        1    9.68e-04    3.70e-02
  47  1.076405e+17    4.95e+15    6.32e+17   5.79e-01   5.67e-01  1.61e+00        1    8.37e-04    3.78e-02
  48  1.028948e+17    4.75e+15    6.13e+17   5.67e-01   5.66e-01  1.61e+00        1    7.91e-04    3.86e-02
  49  9.834864e+16    4.55e+15    5.93e+17   5.55e-01   5.66e-01  1.62e+00        1    8.27e-04    3.95e-02
  50  9.399431e+16    4.35e+15    5.75e+17   5.45e-01   5.65e-01  1.62e+00        1    8.64e-04    4.03e-02
residual 9.39943e+16
Accelerometers calibration: Better calibration obtained using threshold multiplier 2 with residual 7.81485e+15
Misalignment Matrix
         1         -0          0
 0.0608604          1         -0
-0.0052643  0.0328032          1
Scale Matrix
  0.2799        0        0
       0 0.352845        0
       0        0 0.373729
Bias Vector
32346.4
33106.4
32399.3

Accelerometers calibration: inverse scale factors:
3.5727
2.8341
2.67574

Press Enter to continue
