Importing IMU data from the Matlab matrix file : test_data/xsens_acc.mat
Importing IMU data from the Matlab matrix file : test_data/xsens_gyro.mat
Accelerometer Calibration: Calibrating...
Accelerometers Calibration: Extracted 42 intervals using threshold multiplier 2 -> Trying calibrate... 
******
residuals[0]:[-1.38906e+07 ; -388032, 2.52358e+06, -4.1375e+06, -236672, -636192, -2.69084e+07, 688, 1128, 7336]
******
******
sample_:33112
33332
36436
******
******
calib_samp:                                          [344 ; 0, 0, 0, 344, 0, 0, -1, 0, 0]
                                          [564 ; 344, 0, 0, 0, 564, 0, 0, -1, 0]
                                          [3668 ; 0, -344, 564, 0, 0, 3668, 0, 0, -1]
******
******
calib_triad:Misalignment Matrix
                                        [1 ; 0, 0, 0, 0, 0, 0, 0, 0, 0]                                         [-0 ; -0, -0, -0, -0, -0, -0, -0, -0, -0]                                         [0 ; 0, 0, 0, 0, 0, 0, 0, 0, 0]
                                        [0 ; 1, 0, 0, 0, 0, 0, 0, 0, 0]                                         [1 ; 0, 0, 0, 0, 0, 0, 0, 0, 0]                                         [-0 ; -0, -0, -0, -0, -0, -0, -0, -0, -0]
                                        [-0 ; -0, -1, -0, -0, -0, -0, -0, -0, -0]                                         [0 ; 0, 0, 1, 0, 0, 0, 0, 0, 0]                                         [1 ; 0, 0, 0, 0, 0, 0, 0, 0, 0]
Scale Matrix
                              [1 ; 0, 0, 0, 1, 0, 0, 0, 0, 0]                               [0 ; 0, 0, 0, 0, 0, 0, 0, 0, 0]                               [0 ; 0, 0, 0, 0, 0, 0, 0, 0, 0]
                              [0 ; 0, 0, 0, 0, 0, 0, 0, 0, 0]                               [1 ; 0, 0, 0, 0, 1, 0, 0, 0, 0]                               [0 ; 0, 0, 0, 0, 0, 0, 0, 0, 0]
                              [0 ; 0, 0, 0, 0, 0, 0, 0, 0, 0]                               [0 ; 0, 0, 0, 0, 0, 0, 0, 0, 0]                               [1 ; 0, 0, 0, 0, 0, 1, 0, 0, 0]
Bias Vector
                                  [32768 ; 0, 0, 0, 0, 0, 0, 1, 0, 0]
                                  [32768 ; 0, 0, 0, 0, 0, 0, 0, 1, 0]
                                  [32768 ; 0, 0, 0, 0, 0, 0, 0, 0, 1]

******
******
residuals[0]:[-1.38991e+07 ; -372744, 2.45223e+06, -4.09684e+06, -223112, -622728, -2.69525e+07, 668, 1116, 7342]
******
******
sample_:33102
33326
36439
******
******
calib_samp:                                          [334 ; 0, 0, 0, 334, 0, 0, -1, 0, 0]
                                          [558 ; 334, 0, 0, 0, 558, 0, 0, -1, 0]
                                          [3671 ; 0, -334, 558, 0, 0, 3671, 0, 0, -1]
******
******
calib_triad:Misalignment Matrix
                                        [1 ; 0, 0, 0, 0, 0, 0, 0, 0, 0]                                         [-0 ; -0, -0, -0, -0, -0, -0, -0, -0, -0]                                         [0 ; 0, 0, 0, 0, 0, 0, 0, 0, 0]
                                        [0 ; 1, 0, 0, 0, 0, 0, 0, 0, 0]                                         [1 ; 0, 0, 0, 0, 0, 0, 0, 0, 0]                                         [-0 ; -0, -0, -0, -0, -0, -0, -0, -0, -0]
                                        [-0 ; -0, -1, -0, -0, -0, -0, -0, -0, -0]                                         [0 ; 0, 0, 1, 0, 0, 0, 0, 0, 0]                                         [1 ; 0, 0, 0, 0, 0, 0, 0, 0, 0]
Scale Matrix
                              [1 ; 0, 0, 0, 1, 0, 0, 0, 0, 0]                               [0 ; 0, 0, 0, 0, 0, 0, 0, 0, 0]                               [0 ; 0, 0, 0, 0, 0, 0, 0, 0, 0]
                              [0 ; 0, 0, 0, 0, 0, 0, 0, 0, 0]                               [1 ; 0, 0, 0, 0, 1, 0, 0, 0, 0]                               [0 ; 0, 0, 0, 0, 0, 0, 0, 0, 0]
                              [0 ; 0, 0, 0, 0, 0, 0, 0, 0, 0]                               [0 ; 0, 0, 0, 0, 0, 0, 0, 0, 0]                               [1 ; 0, 0, 0, 0, 0, 1, 0, 0, 0]
Bias Vector
                                  [32768 ; 0, 0, 0, 0, 0, 0, 1, 0, 0]
                                  [32768 ; 0, 0, 0, 0, 0, 0, 0, 1, 0]
                                  [32768 ; 0, 0, 0, 0, 0, 0, 0, 0, 1]

******
******
residuals[0]:[-1.38462e+07 ; -377664, 2.46154e+06, -4.11721e+06, -225792, -631688, -2.68351e+07, 672, 1124, 7326]
******
******
sample_:33104
33330
36431
******
******
calib_samp:                                          [336 ; 0, 0, 0, 336, 0, 0, -1, 0, 0]
                                          [562 ; 336, 0, 0, 0, 562, 0, 0, -1, 0]
                                          [3663 ; 0, -336, 562, 0, 0, 3663, 0, 0, -1]
******
******
calib_triad:Misalignment Matrix
                                        [1 ; 0, 0, 0, 0, 0, 0, 0, 0, 0]                                         [-0 ; -0, -0, -0, -0, -0, -0, -0, -0, -0]                                         [0 ; 0, 0, 0, 0, 0, 0, 0, 0, 0]
                                        [0 ; 1, 0, 0, 0, 0, 0, 0, 0, 0]                                         [1 ; 0, 0, 0, 0, 0, 0, 0, 0, 0]                                         [-0 ; -0, -0, -0, -0, -0, -0, -0, -0, -0]
                                        [-0 ; -0, -1, -0, -0, -0, -0, -0, -0, -0]                                         [0 ; 0, 0, 1, 0, 0, 0, 0, 0, 0]                                         [1 ; 0, 0, 0, 0, 0, 0, 0, 0, 0]
Scale Matrix
                              [1 ; 0, 0, 0, 1, 0, 0, 0, 0, 0]                               [0 ; 0, 0, 0, 0, 0, 0, 0, 0, 0]                               [0 ; 0, 0, 0, 0, 0, 0, 0, 0, 0]
                              [0 ; 0, 0, 0, 0, 0, 0, 0, 0, 0]                               [1 ; 0, 0, 0, 0, 1, 0, 0, 0, 0]                               [0 ; 0, 0, 0, 0, 0, 0, 0, 0, 0]
                              [0 ; 0, 0, 0, 0, 0, 0, 0, 0, 0]                               [0 ; 0, 0, 0, 0, 0, 0, 0, 0, 0]                               [1 ; 0, 0, 0, 0, 0, 1, 0, 0, 0]
Bias Vector
                                  [32768 ; 0, 0, 0, 0, 0, 0, 1, 0, 0]
                                  [32768 ; 0, 0, 0, 0, 0, 0, 0, 1, 0]
                                  [32768 ; 0, 0, 0, 0, 0, 0, 0, 0, 1]

******
******
residuals[0]:[-1.38566e+07 ; -372960, 2.44089e+06, -4.1048e+06, -221778, -627200, -2.68644e+07, 666, 1120, 7330]
******
******
sample_:33101
33328
36433
******
******
calib_samp:                                          [333 ; 0, 0, 0, 333, 0, 0, -1, 0, 0]
                                          [560 ; 333, 0, 0, 0, 560, 0, 0, -1, 0]
                                          [3665 ; 0, -333, 560, 0, 0, 3665, 0, 0, -1]
******
******
calib_triad:Misalignment Matrix
                                        [1 ; 0, 0, 0, 0, 0, 0, 0, 0, 0]                                         [-0 ; -0, -0, -0, -0, -0, -0, -0, -0, -0]                                         [0 ; 0, 0, 0, 0, 0, 0, 0, 0, 0]
                                        [0 ; 1, 0, 0, 0, 0, 0, 0, 0, 0]                                         [1 ; 0, 0, 0, 0, 0, 0, 0, 0, 0]                                         [-0 ; -0, -0, -0, -0, -0, -0, -0, -0, -0]
                                        [-0 ; -0, -1, -0, -0, -0, -0, -0, -0, -0]                                         [0 ; 0, 0, 1, 0, 0, 0, 0, 0, 0]                                         [1 ; 0, 0, 0, 0, 0, 0, 0, 0, 0]
Scale Matrix
                              [1 ; 0, 0, 0, 1, 0, 0, 0, 0, 0]                               [0 ; 0, 0, 0, 0, 0, 0, 0, 0, 0]                               [0 ; 0, 0, 0, 0, 0, 0, 0, 0, 0]
                              [0 ; 0, 0, 0, 0, 0, 0, 0, 0, 0]                               [1 ; 0, 0, 0, 0, 1, 0, 0, 0, 0]                               [0 ; 0, 0, 0, 0, 0, 0, 0, 0, 0]
                              [0 ; 0, 0, 0, 0, 0, 0, 0, 0, 0]                               [0 ; 0, 0, 0, 0, 0, 0, 0, 0, 0]                               [1 ; 0, 0, 0, 0, 0, 1, 0, 0, 0]
Bias Vector
                                  [32768 ; 0, 0, 0, 0, 0, 0, 1, 0, 0]
                                  [32768 ; 0, 0, 0, 0, 0, 0, 0, 1, 0]
                                  [32768 ; 0, 0, 0, 0, 0, 0, 0, 0, 1]

******
******
residuals[0]:[-1.38485e+07 ; -379008, 2.46154e+06, -4.13186e+06, -225792, -636192, -2.68351e+07, 672, 1128, 7326]
******
******
sample_:33104
33332
36431
******
******
calib_samp:                                          [336 ; 0, 0, 0, 336, 0, 0, -1, 0, 0]
                                          [564 ; 336, 0, 0, 0, 564, 0, 0, -1, 0]
                                          [3663 ; 0, -336, 564, 0, 0, 3663, 0, 0, -1]
******
******
calib_triad:Misalignment Matrix
                                        [1 ; 0, 0, 0, 0, 0, 0, 0, 0, 0]                                         [-0 ; -0, -0, -0, -0, -0, -0, -0, -0, -0]                                         [0 ; 0, 0, 0, 0, 0, 0, 0, 0, 0]
                                        [0 ; 1, 0, 0, 0, 0, 0, 0, 0, 0]                                         [1 ; 0, 0, 0, 0, 0, 0, 0, 0, 0]                                         [-0 ; -0, -0, -0, -0, -0, -0, -0, -0, -0]
                                        [-0 ; -0, -1, -0, -0, -0, -0, -0, -0, -0]                                         [0 ; 0, 0, 1, 0, 0, 0, 0, 0, 0]                                         [1 ; 0, 0, 0, 0, 0, 0, 0, 0, 0]
Scale Matrix
                              [1 ; 0, 0, 0, 1, 0, 0, 0, 0, 0]                               [0 ; 0, 0, 0, 0, 0, 0, 0, 0, 0]                               [0 ; 0, 0, 0, 0, 0, 0, 0, 0, 0]
                              [0 ; 0, 0, 0, 0, 0, 0, 0, 0, 0]                               [1 ; 0, 0, 0, 0, 1, 0, 0, 0, 0]                               [0 ; 0, 0, 0, 0, 0, 0, 0, 0, 0]
                              [0 ; 0, 0, 0, 0, 0, 0, 0, 0, 0]                               [0 ; 0, 0, 0, 0, 0, 0, 0, 0, 0]                               [1 ; 0, 0, 0, 0, 0, 1, 0, 0, 0]
Bias Vector
                                  [32768 ; 0, 0, 0, 0, 0, 0, 1, 0, 0]
                                  [32768 ; 0, 0, 0, 0, 0, 0, 0, 1, 0]
                                  [32768 ; 0, 0, 0, 0, 0, 0, 0, 0, 1]

******
******
residuals[0]:[-1.38541e+07 ; -373560, 2.41824e+06, -4.14765e+06, -217800, -640712, -2.68498e+07, 660, 1132, 7328]
******
******
sample_:33098
33334
36432
******
******
calib_samp:                                          [330 ; 0, 0, 0, 330, 0, 0, -1, 0, 0]
                                          [566 ; 330, 0, 0, 0, 566, 0, 0, -1, 0]
                                          [3664 ; 0, -330, 566, 0, 0, 3664, 0, 0, -1]
******
******
calib_triad:Misalignment Matrix
                                        [1 ; 0, 0, 0, 0, 0, 0, 0, 0, 0]                                         [-0 ; -0, -0, -0, -0, -0, -0, -0, -0, -0]                                         [0 ; 0, 0, 0, 0, 0, 0, 0, 0, 0]
                                        [0 ; 1, 0, 0, 0, 0, 0, 0, 0, 0]                                         [1 ; 0, 0, 0, 0, 0, 0, 0, 0, 0]                                         [-0 ; -0, -0, -0, -0, -0, -0, -0, -0, -0]
                                        [-0 ; -0, -1, -0, -0, -0, -0, -0, -0, -0]                                         [0 ; 0, 0, 1, 0, 0, 0, 0, 0, 0]                                         [1 ; 0, 0, 0, 0, 0, 0, 0, 0, 0]
Scale Matrix
                              [1 ; 0, 0, 0, 1, 0, 0, 0, 0, 0]                               [0 ; 0, 0, 0, 0, 0, 0, 0, 0, 0]                               [0 ; 0, 0, 0, 0, 0, 0, 0, 0, 0]
                              [0 ; 0, 0, 0, 0, 0, 0, 0, 0, 0]                               [1 ; 0, 0, 0, 0, 1, 0, 0, 0, 0]                               [0 ; 0, 0, 0, 0, 0, 0, 0, 0, 0]
                              [0 ; 0, 0, 0, 0, 0, 0, 0, 0, 0]                               [0 ; 0, 0, 0, 0, 0, 0, 0, 0, 0]                               [1 ; 0, 0, 0, 0, 0, 1, 0, 0, 0]
Bias Vector
                                  [32768 ; 0, 0, 0, 0, 0, 0, 1, 0, 0]
                                  [32768 ; 0, 0, 0, 0, 0, 0, 0, 1, 0]
                                  [32768 ; 0, 0, 0, 0, 0, 0, 0, 0, 1]

******
******
residuals[0]:[-1.38015e+07 ; -371296, 2.39899e+06, -4.13972e+06, -215168, -640712, -2.67473e+07, 656, 1132, 7314]
******
******
sample_:33096
33334
36425
******
******
calib_samp:                                          [328 ; 0, 0, 0, 328, 0, 0, -1, 0, 0]
                                          [566 ; 328, 0, 0, 0, 566, 0, 0, -1, 0]
                                          [3657 ; 0, -328, 566, 0, 0, 3657, 0, 0, -1]
******
******
calib_triad:Misalignment Matrix
                                        [1 ; 0, 0, 0, 0, 0, 0, 0, 0, 0]                                         [-0 ; -0, -0, -0, -0, -0, -0, -0, -0, -0]                                         [0 ; 0, 0, 0, 0, 0, 0, 0, 0, 0]
                                        [0 ; 1, 0, 0, 0, 0, 0, 0, 0, 0]                                         [1 ; 0, 0, 0, 0, 0, 0, 0, 0, 0]                                         [-0 ; -0, -0, -0, -0, -0, -0, -0, -0, -0]
                                        [-0 ; -0, -1, -0, -0, -0, -0, -0, -0, -0]                                         [0 ; 0, 0, 1, 0, 0, 0, 0, 0, 0]                                         [1 ; 0, 0, 0, 0, 0, 0, 0, 0, 0]
Scale Matrix
                              [1 ; 0, 0, 0, 1, 0, 0, 0, 0, 0]                               [0 ; 0, 0, 0, 0, 0, 0, 0, 0, 0]                               [0 ; 0, 0, 0, 0, 0, 0, 0, 0, 0]
                              [0 ; 0, 0, 0, 0, 0, 0, 0, 0, 0]                               [1 ; 0, 0, 0, 0, 1, 0, 0, 0, 0]                               [0 ; 0, 0, 0, 0, 0, 0, 0, 0, 0]
                              [0 ; 0, 0, 0, 0, 0, 0, 0, 0, 0]                               [0 ; 0, 0, 0, 0, 0, 0, 0, 0, 0]                               [1 ; 0, 0, 0, 0, 0, 1, 0, 0, 0]
Bias Vector
                                  [32768 ; 0, 0, 0, 0, 0, 0, 1, 0, 0]
                                  [32768 ; 0, 0, 0, 0, 0, 0, 0, 1, 0]
                                  [32768 ; 0, 0, 0, 0, 0, 0, 0, 0, 1]

******
******
residuals[0]:[-1.38445e+07 ; -372240, 2.41758e+06, -4.13186e+06, -217800, -636192, -2.68351e+07, 660, 1128, 7326]
******
******
sample_:33098
33332
36431
******
******
calib_samp:                                          [330 ; 0, 0, 0, 330, 0, 0, -1, 0, 0]
                                          [564 ; 330, 0, 0, 0, 564, 0, 0, -1, 0]
                                          [3663 ; 0, -330, 564, 0, 0, 3663, 0, 0, -1]
******
******
calib_triad:Misalignment Matrix
                                        [1 ; 0, 0, 0, 0, 0, 0, 0, 0, 0]                                         [-0 ; -0, -0, -0, -0, -0, -0, -0, -0, -0]                                         [0 ; 0, 0, 0, 0, 0, 0, 0, 0, 0]
                                        [0 ; 1, 0, 0, 0, 0, 0, 0, 0, 0]                                         [1 ; 0, 0, 0, 0, 0, 0, 0, 0, 0]                                         [-0 ; -0, -0, -0, -0, -0, -0, -0, -0, -0]
                                        [-0 ; -0, -1, -0, -0, -0, -0, -0, -0, -0]                                         [0 ; 0, 0, 1, 0, 0, 0, 0, 0, 0]                                         [1 ; 0, 0, 0, 0, 0, 0, 0, 0, 0]
Scale Matrix
                              [1 ; 0, 0, 0, 1, 0, 0, 0, 0, 0]                               [0 ; 0, 0, 0, 0, 0, 0, 0, 0, 0]                               [0 ; 0, 0, 0, 0, 0, 0, 0, 0, 0]
                              [0 ; 0, 0, 0, 0, 0, 0, 0, 0, 0]                               [1 ; 0, 0, 0, 0, 1, 0, 0, 0, 0]                               [0 ; 0, 0, 0, 0, 0, 0, 0, 0, 0]
                              [0 ; 0, 0, 0, 0, 0, 0, 0, 0, 0]                               [0 ; 0, 0, 0, 0, 0, 0, 0, 0, 0]                               [1 ; 0, 0, 0, 0, 0, 1, 0, 0, 0]
Bias Vector
                                  [32768 ; 0, 0, 0, 0, 0, 0, 1, 0, 0]
                                  [32768 ; 0, 0, 0, 0, 0, 0, 0, 1, 0]
                                  [32768 ; 0, 0, 0, 0, 0, 0, 0, 0, 1]

******
