Importing IMU data from the Matlab matrix file : test_data/xsens_acc.mat
Importing IMU data from the Matlab matrix file : test_data/xsens_gyro.mat
Accelerometer Calibration: Calibrating...
Accelerometers Calibration: Extracted 42 intervals using threshold multiplier 2 -> Trying calibrate... 
iter      cost      cost_change  |gradient|   |step|    tr_ratio  tr_radius  ls_iter  iter_time  total_time
   0  5.794474e+17    0.00e+00    1.13e+18   0.00e+00   0.00e+00  1.00e+04        0    5.45e-03    5.74e-03
   1  3.622984e+16    5.43e+17    1.41e+17   8.88e-01   9.37e-01  3.00e+04        1    6.05e-03    1.18e-02
   2  2.264576e+15    3.40e+16    1.76e+16   4.40e-01   9.37e-01  9.00e+04        1    5.63e-03    1.74e-02
   3  1.415184e+14    2.12e+15    2.20e+15   2.35e-01   9.38e-01  2.70e+05        1    5.73e-03    2.32e-02
   4  8.839032e+12    1.33e+14    2.75e+14   3.16e-01   9.38e-01  8.10e+05        1    5.89e-03    2.91e-02
   5  5.509452e+11    8.29e+12    3.44e+13   1.17e+00   9.38e-01  2.43e+06        1    5.85e-03    3.50e-02
   6  3.406306e+10    5.17e+11    4.30e+12   4.64e+00   9.38e-01  7.29e+06        1    5.79e-03    4.07e-02
   7  2.039306e+09    3.20e+10    5.38e+11   1.82e+01   9.40e-01  2.19e+07        1    5.77e-03    4.65e-02
   8  1.078640e+08    1.93e+09    6.71e+10   6.75e+01   9.47e-01  6.56e+07        1    5.87e-03    5.24e-02
   9  3.744948e+06    1.04e+08    7.84e+09   2.03e+02   9.65e-01  1.97e+08        1    5.98e-03    5.84e-02
  10  4.964761e+04    3.70e+06    6.08e+08   3.19e+02   9.87e-01  5.90e+08        1    5.94e-03    6.44e-02
  11  1.065376e+02    4.95e+04    1.81e+07   1.20e+02   9.99e-01  1.77e+09        1    5.95e-03    7.03e-02
  12  5.193891e+01    5.46e+01    2.33e+04   4.57e+00   1.00e+00  5.31e+09        1    5.94e-03    7.63e-02
  13  5.193882e+01    9.01e-05    3.91e-02   5.95e-03   1.00e+00  1.59e+10        1    5.69e-03    8.20e-02
residual 51.9388
Accelerometers Calibration: Extracted 40 intervals using threshold multiplier 3 -> Trying calibrate... 
iter      cost      cost_change  |gradient|   |step|    tr_ratio  tr_radius  ls_iter  iter_time  total_time
   0  5.351192e+17    0.00e+00    9.51e+17   0.00e+00   0.00e+00  1.00e+04        0    5.00e-03    5.17e-03
   1  3.345773e+16    5.02e+17    1.19e+17   8.84e-01   9.37e-01  3.00e+04        1    5.68e-03    1.09e-02
   2  2.091290e+15    3.14e+16    1.49e+16   4.39e-01   9.37e-01  9.00e+04        1    5.64e-03    1.65e-02
   3  1.306884e+14    1.96e+15    1.86e+15   2.34e-01   9.38e-01  2.70e+05        1    5.54e-03    2.21e-02
   4  8.162405e+12    1.23e+14    2.32e+14   3.15e-01   9.38e-01  8.10e+05        1    5.45e-03    2.75e-02
   5  5.087218e+11    7.65e+12    2.90e+13   1.17e+00   9.38e-01  2.43e+06        1    5.62e-03    3.32e-02
   6  3.144054e+10    4.77e+11    3.63e+12   4.64e+00   9.38e-01  7.29e+06        1    5.63e-03    3.88e-02
   7  1.879415e+09    2.96e+10    4.54e+11   1.82e+01   9.40e-01  2.19e+07        1    5.59e-03    4.44e-02
   8  9.879045e+07    1.78e+09    5.64e+10   6.75e+01   9.47e-01  6.56e+07        1    5.45e-03    4.98e-02
   9  3.347955e+06    9.54e+07    6.47e+09   2.03e+02   9.66e-01  1.97e+08        1    5.54e-03    5.54e-02
  10  4.252457e+04    3.31e+06    4.65e+08   3.19e+02   9.87e-01  5.90e+08        1    5.53e-03    6.09e-02
  11  9.709328e+01    4.24e+04    1.36e+07   1.20e+02   9.99e-01  1.77e+09        1    5.58e-03    6.65e-02
  12  5.063683e+01    4.65e+01    1.75e+04   4.57e+00   1.00e+00  5.31e+09        1    5.51e-03    7.21e-02
  13  5.063676e+01    7.65e-05    2.92e-02   5.94e-03   1.00e+00  1.59e+10        1    5.42e-03    7.75e-02
residual 50.6368
Accelerometers Calibration: Extracted 39 intervals using threshold multiplier 4 -> Trying calibrate... 
iter      cost      cost_change  |gradient|   |step|    tr_ratio  tr_radius  ls_iter  iter_time  total_time
   0  5.231289e+17    0.00e+00    9.42e+17   0.00e+00   0.00e+00  1.00e+04        0    5.04e-03    5.19e-03
   1  3.270789e+16    4.90e+17    1.18e+17   8.83e-01   9.37e-01  3.00e+04        1    5.43e-03    1.06e-02
   2  2.044418e+15    3.07e+16    1.47e+16   4.39e-01   9.37e-01  9.00e+04        1    5.32e-03    1.60e-02
   3  1.277592e+14    1.92e+15    1.84e+15   2.34e-01   9.38e-01  2.70e+05        1    5.38e-03    2.14e-02
   4  7.979481e+12    1.20e+14    2.30e+14   3.16e-01   9.38e-01  8.10e+05        1    5.41e-03    2.68e-02
   5  4.973264e+11    7.48e+12    2.88e+13   1.17e+00   9.38e-01  2.43e+06        1    5.33e-03    3.21e-02
   6  3.073760e+10    4.67e+11    3.60e+12   4.64e+00   9.38e-01  7.29e+06        1    5.26e-03    3.74e-02
   7  1.837720e+09    2.89e+10    4.49e+11   1.82e+01   9.40e-01  2.19e+07        1    5.33e-03    4.27e-02
   8  9.667199e+07    1.74e+09    5.59e+10   6.75e+01   9.47e-01  6.56e+07        1    5.34e-03    4.81e-02
   9  3.288035e+06    9.34e+07    6.42e+09   2.03e+02   9.66e-01  1.97e+08        1    5.37e-03    5.35e-02
  10  4.222513e+04    3.25e+06    4.63e+08   3.19e+02   9.87e-01  5.90e+08        1    5.24e-03    5.87e-02
  11  9.487330e+01    4.21e+04    1.35e+07   1.20e+02   9.99e-01  1.77e+09        1    5.32e-03    6.41e-02
  12  4.862511e+01    4.62e+01    1.74e+04   4.57e+00   1.00e+00  5.31e+09        1    5.32e-03    6.94e-02
  13  4.862503e+01    7.62e-05    2.91e-02   5.94e-03   1.00e+00  1.59e+10        1    5.57e-03    7.50e-02
residual 48.625
Accelerometers Calibration: Extracted 38 intervals using threshold multiplier 5 -> Trying calibrate... 
iter      cost      cost_change  |gradient|   |step|    tr_ratio  tr_radius  ls_iter  iter_time  total_time
   0  5.059871e+17    0.00e+00    8.90e+17   0.00e+00   0.00e+00  1.00e+04        0    4.71e-03    4.86e-03
   1  3.163608e+16    4.74e+17    1.11e+17   8.82e-01   9.37e-01  3.00e+04        1    5.38e-03    1.03e-02
   2  1.977423e+15    2.97e+16    1.39e+16   4.39e-01   9.37e-01  9.00e+04        1    5.33e-03    1.56e-02
   3  1.235724e+14    1.85e+15    1.74e+15   2.34e-01   9.38e-01  2.70e+05        1    5.18e-03    2.08e-02
   4  7.717947e+12    1.16e+14    2.17e+14   3.15e-01   9.38e-01  8.10e+05        1    5.16e-03    2.60e-02
   5  4.810166e+11    7.24e+12    2.72e+13   1.17e+00   9.38e-01  2.43e+06        1    5.32e-03    3.13e-02
   6  2.972722e+10    4.51e+11    3.40e+12   4.64e+00   9.38e-01  7.29e+06        1    5.31e-03    3.66e-02
   7  1.776755e+09    2.80e+10    4.25e+11   1.82e+01   9.40e-01  2.19e+07        1    5.21e-03    4.18e-02
   8  9.335086e+07    1.68e+09    5.28e+10   6.75e+01   9.47e-01  6.56e+07        1    5.21e-03    4.70e-02
   9  3.162689e+06    9.02e+07    6.05e+09   2.03e+02   9.66e-01  1.97e+08        1    5.81e-03    5.29e-02
  10  4.059730e+04    3.12e+06    4.32e+08   3.19e+02   9.87e-01  5.90e+08        1    6.57e-03    5.95e-02
  11  9.103416e+01    4.05e+04    1.26e+07   1.20e+02   9.99e-01  1.77e+09        1    6.26e-03    6.58e-02
  12  4.647850e+01    4.46e+01    1.62e+04   4.56e+00   1.00e+00  5.31e+09        1    5.39e-03    7.12e-02
  13  4.647842e+01    7.34e-05    2.72e-02   5.93e-03   1.00e+00  1.59e+10        1    5.20e-03    7.64e-02
residual 46.4784
Accelerometers Calibration: Extracted 38 intervals using threshold multiplier 6 -> Trying calibrate... 
iter      cost      cost_change  |gradient|   |step|    tr_ratio  tr_radius  ls_iter  iter_time  total_time
   0  5.059922e+17    0.00e+00    8.90e+17   0.00e+00   0.00e+00  1.00e+04        0    4.99e-03    5.16e-03
   1  3.163640e+16    4.74e+17    1.11e+17   8.82e-01   9.37e-01  3.00e+04        1    5.30e-03    1.05e-02
   2  1.977443e+15    2.97e+16    1.39e+16   4.39e-01   9.37e-01  9.00e+04        1    5.18e-03    1.57e-02
   3  1.235737e+14    1.85e+15    1.74e+15   2.34e-01   9.38e-01  2.70e+05        1    5.26e-03    2.09e-02
   4  7.718025e+12    1.16e+14    2.17e+14   3.15e-01   9.38e-01  8.10e+05        1    5.36e-03    2.63e-02
   5  4.810215e+11    7.24e+12    2.72e+13   1.17e+00   9.38e-01  2.43e+06        1    5.28e-03    3.16e-02
   6  2.972753e+10    4.51e+11    3.40e+12   4.64e+00   9.38e-01  7.29e+06        1    5.14e-03    3.67e-02
   7  1.776774e+09    2.80e+10    4.25e+11   1.82e+01   9.40e-01  2.19e+07        1    5.28e-03    4.20e-02
   8  9.335202e+07    1.68e+09    5.28e+10   6.75e+01   9.47e-01  6.56e+07        1    5.36e-03    4.74e-02
   9  3.162751e+06    9.02e+07    6.05e+09   2.03e+02   9.66e-01  1.97e+08        1    5.29e-03    5.27e-02
  10  4.059841e+04    3.12e+06    4.32e+08   3.19e+02   9.87e-01  5.90e+08        1    5.17e-03    5.79e-02
  11  9.087078e+01    4.05e+04    1.26e+07   1.20e+02   9.99e-01  1.77e+09        1    5.28e-03    6.32e-02
  12  4.631409e+01    4.46e+01    1.62e+04   4.56e+00   1.00e+00  5.31e+09        1    5.32e-03    6.85e-02
  13  4.631402e+01    7.34e-05    2.72e-02   5.93e-03   1.00e+00  1.59e+10        1    5.25e-03    7.38e-02
residual 46.314
Accelerometers Calibration: Extracted 38 intervals using threshold multiplier 7 -> Trying calibrate... 
iter      cost      cost_change  |gradient|   |step|    tr_ratio  tr_radius  ls_iter  iter_time  total_time
   0  5.059970e+17    0.00e+00    8.90e+17   0.00e+00   0.00e+00  1.00e+04        0    4.89e-03    5.05e-03
   1  3.163670e+16    4.74e+17    1.11e+17   8.82e-01   9.37e-01  3.00e+04        1    5.28e-03    1.03e-02
   2  1.977461e+15    2.97e+16    1.39e+16   4.39e-01   9.37e-01  9.00e+04        1    5.28e-03    1.56e-02
   3  1.235749e+14    1.85e+15    1.74e+15   2.34e-01   9.38e-01  2.70e+05        1    5.12e-03    2.08e-02
   4  7.718099e+12    1.16e+14    2.17e+14   3.15e-01   9.38e-01  8.10e+05        1    5.35e-03    2.61e-02
   5  4.810261e+11    7.24e+12    2.72e+13   1.17e+00   9.38e-01  2.43e+06        1    5.28e-03    3.14e-02
   6  2.972781e+10    4.51e+11    3.40e+12   4.64e+00   9.38e-01  7.29e+06        1    5.25e-03    3.67e-02
   7  1.776791e+09    2.80e+10    4.25e+11   1.82e+01   9.40e-01  2.19e+07        1    5.18e-03    4.19e-02
   8  9.335306e+07    1.68e+09    5.28e+10   6.75e+01   9.47e-01  6.56e+07        1    5.50e-03    4.74e-02
   9  3.162804e+06    9.02e+07    6.06e+09   2.03e+02   9.66e-01  1.97e+08        1    5.27e-03    5.26e-02
  10  4.059907e+04    3.12e+06    4.32e+08   3.19e+02   9.87e-01  5.90e+08        1    5.30e-03    5.80e-02
  11  9.104086e+01    4.05e+04    1.26e+07   1.20e+02   9.99e-01  1.77e+09        1    5.23e-03    6.32e-02
  12  4.648928e+01    4.46e+01    1.62e+04   4.56e+00   1.00e+00  5.31e+09        1    5.29e-03    6.85e-02
  13  4.648921e+01    7.34e-05    2.71e-02   5.93e-03   1.00e+00  1.59e+10        1    5.45e-03    7.40e-02
residual 46.4892
Accelerometers Calibration: Extracted 38 intervals using threshold multiplier 8 -> Trying calibrate... 
iter      cost      cost_change  |gradient|   |step|    tr_ratio  tr_radius  ls_iter  iter_time  total_time
   0  5.060046e+17    0.00e+00    8.90e+17   0.00e+00   0.00e+00  1.00e+04        0    4.90e-03    5.08e-03
   1  3.163717e+16    4.74e+17    1.11e+17   8.82e-01   9.37e-01  3.00e+04        1    5.16e-03    1.03e-02
   2  1.977491e+15    2.97e+16    1.39e+16   4.39e-01   9.37e-01  9.00e+04        1    5.28e-03    1.55e-02
   3  1.235767e+14    1.85e+15    1.74e+15   2.34e-01   9.38e-01  2.70e+05        1    5.29e-03    2.08e-02
   4  7.718214e+12    1.16e+14    2.17e+14   3.15e-01   9.38e-01  8.10e+05        1    5.22e-03    2.61e-02
   5  4.810333e+11    7.24e+12    2.72e+13   1.17e+00   9.38e-01  2.43e+06        1    5.17e-03    3.13e-02
   6  2.972826e+10    4.51e+11    3.40e+12   4.64e+00   9.38e-01  7.29e+06        1    5.26e-03    3.65e-02
   7  1.776818e+09    2.80e+10    4.25e+11   1.82e+01   9.40e-01  2.19e+07        1    5.27e-03    4.18e-02
   8  9.335451e+07    1.68e+09    5.28e+10   6.75e+01   9.47e-01  6.56e+07        1    5.18e-03    4.70e-02
   9  3.162849e+06    9.02e+07    6.06e+09   2.03e+02   9.66e-01  1.97e+08        1    5.23e-03    5.22e-02
  10  4.059897e+04    3.12e+06    4.32e+08   3.19e+02   9.87e-01  5.90e+08        1    5.27e-03    5.75e-02
  11  9.132724e+01    4.05e+04    1.26e+07   1.20e+02   9.99e-01  1.77e+09        1    5.28e-03    6.28e-02
  12  4.677953e+01    4.45e+01    1.62e+04   4.56e+00   1.00e+00  5.31e+09        1    5.12e-03    6.80e-02
  13  4.677946e+01    7.33e-05    2.71e-02   5.93e-03   1.00e+00  1.59e+10        1    5.27e-03    7.32e-02
residual 46.7795
Accelerometers Calibration: Extracted 38 intervals using threshold multiplier 9 -> Trying calibrate... 
iter      cost      cost_change  |gradient|   |step|    tr_ratio  tr_radius  ls_iter  iter_time  total_time
   0  5.060030e+17    0.00e+00    8.90e+17   0.00e+00   0.00e+00  1.00e+04        0    4.90e-03    5.05e-03
   1  3.163708e+16    4.74e+17    1.11e+17   8.82e-01   9.37e-01  3.00e+04        1    5.19e-03    1.03e-02
   2  1.977485e+15    2.97e+16    1.39e+16   4.39e-01   9.37e-01  9.00e+04        1    5.31e-03    1.56e-02
   3  1.235763e+14    1.85e+15    1.74e+15   2.34e-01   9.38e-01  2.70e+05        1    5.28e-03    2.09e-02
   4  7.718191e+12    1.16e+14    2.17e+14   3.15e-01   9.38e-01  8.10e+05        1    5.28e-03    2.61e-02
   5  4.810318e+11    7.24e+12    2.72e+13   1.17e+00   9.38e-01  2.43e+06        1    5.14e-03    3.13e-02
   6  2.972817e+10    4.51e+11    3.40e+12   4.64e+00   9.38e-01  7.29e+06        1    5.32e-03    3.66e-02
   7  1.776812e+09    2.80e+10    4.25e+11   1.82e+01   9.40e-01  2.19e+07        1    5.33e-03    4.20e-02
   8  9.335412e+07    1.68e+09    5.28e+10   6.75e+01   9.47e-01  6.56e+07        1    5.28e-03    4.73e-02
   9  3.162818e+06    9.02e+07    6.06e+09   2.03e+02   9.66e-01  1.97e+08        1    5.17e-03    5.24e-02
  10  4.059645e+04    3.12e+06    4.32e+08   3.19e+02   9.87e-01  5.90e+08        1    5.27e-03    5.77e-02
  11  9.134801e+01    4.05e+04    1.26e+07   1.20e+02   9.99e-01  1.77e+09        1    5.37e-03    6.31e-02
  12  4.681186e+01    4.45e+01    1.62e+04   4.56e+00   1.00e+00  5.31e+09        1    5.32e-03    6.84e-02
  13  4.681179e+01    7.33e-05    2.71e-02   5.92e-03   1.00e+00  1.59e+10        1    5.25e-03    7.37e-02
residual 46.8118
Accelerometers Calibration: Extracted 38 intervals using threshold multiplier 10 -> Trying calibrate... 
iter      cost      cost_change  |gradient|   |step|    tr_ratio  tr_radius  ls_iter  iter_time  total_time
   0  5.059980e+17    0.00e+00    8.90e+17   0.00e+00   0.00e+00  1.00e+04        0    5.15e-03    5.29e-03
   1  3.163677e+16    4.74e+17    1.11e+17   8.82e-01   9.37e-01  3.00e+04        1    5.43e-03    1.07e-02
   2  1.977466e+15    2.97e+16    1.39e+16   4.39e-01   9.37e-01  9.00e+04        1    5.09e-03    1.58e-02
   3  1.235751e+14    1.85e+15    1.74e+15   2.34e-01   9.38e-01  2.70e+05        1    5.33e-03    2.12e-02
   4  7.718116e+12    1.16e+14    2.17e+14   3.16e-01   9.38e-01  8.10e+05        1    5.58e-03    2.68e-02
   5  4.810272e+11    7.24e+12    2.72e+13   1.17e+00   9.38e-01  2.43e+06        1    5.30e-03    3.21e-02
   6  2.972788e+10    4.51e+11    3.40e+12   4.64e+00   9.38e-01  7.29e+06        1    5.08e-03    3.72e-02
   7  1.776797e+09    2.80e+10    4.25e+11   1.82e+01   9.40e-01  2.19e+07        1    5.17e-03    4.24e-02
   8  9.335374e+07    1.68e+09    5.28e+10   6.75e+01   9.47e-01  6.56e+07        1    5.19e-03    4.76e-02
   9  3.162893e+06    9.02e+07    6.06e+09   2.03e+02   9.66e-01  1.97e+08        1    5.18e-03    5.27e-02
  10  4.060352e+04    3.12e+06    4.32e+08   3.19e+02   9.87e-01  5.90e+08        1    5.14e-03    5.79e-02
  11  9.778083e+01    4.05e+04    1.26e+07   1.20e+02   9.99e-01  1.77e+09        1    5.23e-03    6.32e-02
  12  5.327235e+01    4.45e+01    1.62e+04   4.56e+00   1.00e+00  5.31e+09        1    5.24e-03    6.84e-02
  13  5.327228e+01    7.31e-05    2.70e-02   5.91e-03   1.00e+00  1.59e+10        1    5.46e-03    7.39e-02
residual 53.2723
Accelerometers calibration: Better calibration obtained using threshold multiplier 6 with residual 46.314
Misalignment Matrix
          1          -0           0
 -0.0035492           1          -0
-0.00890406  -0.0213032           1
Scale Matrix
0.00241267          0          0
         0 0.00242658          0
         0          0 0.00241232
Bias Vector
33124.2
33275.2
32364.4

Accelerometers calibration: inverse scale factors:
414.478
412.102
414.538

Press Enter to continue
